Other/Paper Figure/Data/VanVlietFig2_maps_ERL2021/fig2c_fract_WSq_WS_ann_global.asc
NCOLS 720 
NROWS 280 
XLLCORNER -180 
YLLCORNER -56 
CELLSIZE 0.5 
NODATA_value -9999 
[rows 120 to 149 of 280, columns 340 to 407 of 720]
Inf Inf Inf 3288.94444884277 7741.55354743595 1312.7944688008 1409.39353550036 658.368433539028 -9999 Inf Inf -9999 -9999 1 5403.8142297753 Inf -9999 -9999 Inf 1 391.159801952249 797.008486895345 Inf Inf 1568.07404347929 4051.15510650919 Inf Inf 42.3789474386176 287.960629312897 6.076432730947 158.990862226917 Inf Inf -9999 1 Inf Inf Inf Inf -9999 -9999 -9999 Inf -9999 -9999 Inf Inf -9999 Inf 10858.092022079 Inf -9999 -9999 Inf -9999 Inf Inf Inf -9999 -9999 369.386627679218 495.465730358756 -9999 776.048214515892 667.508564596524 -9999 -9999
48274.0831672826 19362.4314381649 2848.14055631096 51.8875855208301 561.965876630931 326.141438543617 1 372.50110230625 1 Inf Inf Inf Inf 186519.856724166 Inf -9999 Inf 1 3975.51659410623 1 Inf 1 1 29.9922160784345 173.70287122041 -9999 -9999 -9999 Inf 68.6162897062314 2456.82318815971 Inf 8.83114856239779 Inf Inf 1 -9999 -9999 Inf -9999 Inf -9999 1 1057.47399345452 1 1 6862.27902988974 -9999 1 -9999 -9999 -9999 92594.05622097 Inf Inf 1 Inf -9999 2677.5045942661 1 Inf Inf Inf Inf Inf Inf 15472.5726407614 1774.33217554262
10042.5166585677 678.254949961993 9.19378512332975 1 459.089052815304 1 1 5013.91738701161 Inf Inf Inf 36000.4483245772 -9999 Inf Inf 1 Inf 2216.80069934622 -9999 Inf Inf 5445105280675112 459.748806886079 -9999 -9999 Inf Inf Inf Inf 4.70491314317046 6.8858114775019 1.07107791675841 1 10539.3552894137 Inf -9999 -9999 Inf Inf -9999 226.631452088454 1 62.2762200107389 -9999 1 -9999 -9999 -9999 126.566733579507 Inf 1 1 -9999 Inf -9999 32.0094576010259 Inf 1 -9999 -9999 974.732102327832 -9999 1 -9999 13904.0416191661 Inf 2038.04743288845 1
5859.64975930048 422.572504660899 279.728645708081 1 114.151589666445 1 Inf 231.208064784851 Inf 29.8457485859974 Inf Inf Inf 50955.7436824708 -9999 1 Inf Inf 3575.90508983072 1 7599.32924069009 3796.24880127001 3300.33146805279 Inf Inf Inf 4226.2962825147 Inf Inf Inf 1 -9999 Inf 64487.3789069861 -9999 Inf -9999 Inf 1240.89983786413 289.889435851428 78.1183254223817 271.529052338457 119.872592569822 1 506.777145048994 1 1283.01160278967 1 11835.1196576899 49900.8684402957 1 1 Inf 1 1 8269.67520358386 Inf Inf 1 5700.38416475602 Inf 1 32501.2556751327 41924.1429896135 298.194873523248 1 1 1671.27796210798
2974.95210124178 19651.0174326694 588.056461329076 975.48500945718 85.854174948346 645.621258247442 Inf 855.645387905172 1 1 70.9761064347773 1 -9999 -9999 1 Inf Inf Inf Inf Inf 3.33807553813014 312.961837023486 122673.157594527 3103.43671290721 Inf Inf -9999 -9999 -9999 -9999 -9999 Inf Inf -9999 Inf -9999 -9999 1 1 7568.04677789917 1 213.605668631599 8137.60907721902 620.511154179477 1 12130.5735913695 2487.55343351293 1291.57991067351 43483.0153653965 -9999 14485042419535608 1 -9999 4382.10907431924 1 772.611518553727 1 1 -9999 1 1 1 -9999 162.61373458389 74.752265642654 -9999 Inf 1746.73143933584
1 24798.9556760695 1496.08251679188 3678.26811600893 7591.36144398029 Inf -9999 1 12622.0319004588 1 Inf Inf -9999 -9999 -9999 309149.393205482 Inf Inf Inf 100.10897899764 12.0261854904034 150.241156072786 21.3723325317736 116.099460065953 Inf Inf -9999 -9999 -9999 Inf Inf Inf Inf -9999 Inf 1065444845294678 718.419062248452 165.687452008294 274.201434883154 1 Inf 12164.1175025859 5783.97000073897 7439.64085047567 1 1453.66145545871 -9999 1 Inf 62638.1689219293 27781.9956633774 1183.51306653436 Inf 64.0280772492108 1 293.738356676547 1 1 897.866231166675 27662.1086983998 Inf -9999 -9999 254.57722589581 1589.36187207352 -9999 Inf -9999
7685.4628533415 5159.64704548109 25790.1227330774 3719.97877537044 18614.4436301803 71351.4120209907 Inf Inf Inf Inf Inf Inf Inf Inf Inf Inf Inf Inf 90.564222030329 620.151818142528 15.9793536177668 384.707446233897 86.5918984841093 29.7132779775545 168.572329601303 Inf Inf -9999 -9999 Inf -9999 Inf Inf Inf 903.731146479562 909.427613192772 396.992076698483 660.19223525018 1 Inf Inf Inf Inf 39442.408850693 1 2435.75022063761 1255.17973159357 1 Inf Inf -9999 10989.3560829361 227.837607859971 986.936670339886 Inf Inf 1 -9999 1 1 1 28802.1496353737 Inf -9999 847.489473527177 -9999 Inf -9999
2459.79341660986 63202.2999012359 36164.6040136847 10032.950299096 19623.750257831 Inf Inf 11238.0325990299 Inf Inf Inf Inf Inf Inf Inf Inf 1689.12046103261 3172.36028122992 1119.722694173 91.9996415016842 63.0773650280715 196.98399908588 109.588155792651 10.2350800377415 5.2935043921521 1860.47937094345 -9999 -9999 -9999 Inf Inf Inf Inf 4708.12913094509 2613.66614925494 87.9937109215264 6.20345934831173 1 -9999 Inf Inf Inf Inf Inf -9999 1704.1356801485 1 Inf -9999 1 5004.19696616214 3514.09364207717 909.865829516537 5152.25246867981 Inf 57936.983687043 1 -9999 3472.27148949728 1 1536.08075127235 -9999 Inf Inf -9999 -9999 -9999 1
4487.14115036815 10745.301232038 6407.73450762404 23478.7823309261 Inf Inf Inf Inf Inf Inf Inf Inf Inf Inf Inf Inf 728.820065267131 1907.74823881976 24.4027749274361 77.0566970550765 1021.53033076521 422.97317895776 237.003620058763 210.672500046899 3.47564722922202 4.9835095776614 1480.75045510888 Inf Inf Inf Inf 7.68601036249423 Inf 1102.89123110261 888.488074699813 110.930202061898 15.3186592012663 68.9713796597839 1 Inf Inf Inf -9999 Inf -9999 5384.51820285523 1 2425.70411384754 2955.10405510498 31749.9933264333 -9999 -9999 Inf 20249.0712752951 Inf 210587.976843212 1 1 Inf 1091.89224140268 1211.79236720672 100400.116159371 Inf Inf -9999 -9999 Inf -9999
Inf Inf Inf Inf Inf Inf Inf -9999 -9999 Inf Inf Inf Inf Inf Inf Inf Inf 2173.04386625914 20.0598030280861 7.31004489229513 3724.90628567584 454.66406198148 2.44777419325612 7.14195131929095 6.70158064727733 25.8188574311571 439.453902460204 Inf Inf Inf Inf Inf 225542.597792366 Inf 887.197700751073 60.2142145659545 66.8115639217718 86.9745477318122 547.349766860584 11398.989424847 Inf Inf Inf 14954.1168906578 1 3868.13533335357 Inf Inf Inf Inf Inf -9999 Inf 6370.18581593204 1 242455.839097195 1 1 1 2856.85945465982 1 129257.310992498 Inf -9999 -9999 Inf Inf -9999
272.287601304446 312.627070402275 Inf Inf Inf Inf Inf -9999 Inf Inf Inf Inf Inf Inf 33087.6398216108 311581.999404637 83048.0660606141 25387.2594470242 205.27690021778 839.789988589987 3847.87028020273 808.908107517342 295.282874788587 354.43102928277 173.705485265495 74.7541593976058 1857.46172569295 1994.08374437157 633.779654401145 Inf Inf Inf 14122.5271979723 34244.3957195547 5.08064948802135 315.759526901502 247.379204391013 159.682913466139 21.3877621448364 60.5950102101122 2764.98261150322 173246.879078974 4366.53204470969 160236.23357065 -9999 2023.34175955204 20262.8868637681 Inf Inf -9999 -9999 -9999 Inf Inf 4688.29992988994 12118.2488180679 -9999 2207.84205190418 -9999 3138.19207803364 1 2788.60273798178 Inf -9999 Inf Inf -9999 1
Inf 510.841129572196 17882.6098284896 860.225728628697 -9999 Inf Inf Inf -9999 Inf Inf 24046.4976366096 9006.10180857144 16941.4221542475 Inf 21619.0416684223 Inf Inf 222.523761772344 1257.49636253566 1175.45739182311 542.334999980951 29.6484836792457 11.9295116294556 17.9559457865024 141.541801526187 247.3219162837 39.1280464432008 202.245124554216 Inf 147714550545162176 19856.4890035888 2616.34893825844 3981.43150865975 415.495640557166 101.742308663553 84.4812511453579 161.088636696275 101.802781965729 164.339448344946 75459.6833928859 913.727053606114 28306.7538137611 15327.3511168908 -9999 Inf 91.8820853602315 -9999 Inf Inf -9999 Inf Inf Inf Inf 1448.34354871266 1 2813.75955378899 1397.17570222878 10934.7494885947 -9999 Inf 3022.80420951001 218845.348250451 67102316885980864 188728.501010479 34435.2907836656 5489.59312679369
Inf Inf Inf -9999 1 1 -9999 -9999 -9999 Inf 2337661689824835072 25328.2885838918 269985.638332834 4005.022886416 5514.83899500608 9169.94733544146 2086.93792283161 317.644650829929 1.66829076808597 35.2694191648042 381.436551792146 1.40566593713997 12.9799709978541 2.76682776623351 191.604139506121 319.014082966974 25699.5792560318 7704.8666667073 80213.2848071863 1 679.520922527878 2098.23897193373 26.2111092421509 65.4788241054084 21113.5277242759 471.007110154148 2174.57676163177 1454.28108111638 15637.1164513784 Inf Inf Inf Inf Inf Inf Inf 54564.7417286242 Inf Inf Inf Inf Inf Inf Inf Inf Inf 11313.479903621 5227.81851276494 372.906998571239 32388.0946398494 Inf 3138.38166009627 28059.8633605531 37791.6528666651 59805.064760484 43241.3845903653 Inf Inf
420.598397872045 93.2140472944389 2695.78845350984 1 1 1 1 1 1 121.211817911344 2243.96501741664 65.3487161569907 6822.73966051783 1957.93133482106 3911.09973346295 242.180607835149 123.860255672969 1 1 15.0846896780347 258.617508225101 1 1 154.88524947013 19.9132548655655 32.7775138380843 1 1 1 1 1 1 5792.18678582089 325.357473533121 1.35980412315598 182.812913461077 265.044304568924 259564.335235104 Inf Inf Inf Inf Inf Inf Inf Inf Inf Inf Inf Inf Inf Inf Inf Inf Inf Inf 18112.5221333278 6058.60008953563 4372.92353805984 67.1065921511614 5806.63892796798 4547.25456494674 2161.30377984803 4357.62375257135 2577.29261825499 7447.44771587869 1 -9999
1.00006043309344 25.970637443065 9.23496013759016 1 1 1 8.81084130405232 1 1 1 1 1 1 1 1 1 1 238.512113604104 1 1 111.126123560496 1 1 37.2304812164766 1 183.188258623345 1 1 1 1 1 259.604552579979 1 164.92134510279 2.90913995839255 1.77179326180327 4.60030817638737 Inf Inf Inf Inf Inf Inf Inf Inf Inf -9999 -9999 Inf -9999 Inf Inf Inf Inf Inf Inf 480.23724673793 1 -9999 1 1 1 242.491488329259 36.358622264789 110.690388068892 3415.30928302457 2118.56889757617 147654.914249185
1 18.5922606658522 35.2269969215176 39.6533651527924 1.84108928311239 1 1 2.78471859467423 1 112.106023964944 2252.0134641744 1 1 1 602.188453392837 113.225130559358 1 1 1 1 1 31.1115882416459 12.7934985898848 8.12007481907089 1 1 1 1 1 40726.3867286494 17337.5233196551 8.93092114110396 1 1 1 122.071209424665 1 -9999 Inf Inf Inf -9999 6534.59450610253 Inf Inf -9999 -9999 Inf Inf Inf -9999 -9999 -9999 Inf Inf Inf 144569.007019267 7020.26175255678 3026.07635305863 -9999 1 1 1 1 1 259.748329196066 1 1
69.564653044149 497.115142094088 142.28472056058 35.8015738883566 32.7097221892129 123.638151800383 2.23621609711461 5.57161236028899 1 1.94086281676163 292.607110762813 1 1 243.491396053183 12.2059063734907 33.7824733269593 6.92385716618475 1 55.5949051430998 34.5802862534378 1 9.76108799168638 1 1 1 1 1 1 31.859876112389 28.2803189650747 6.9257012418193 335.31220466078 1 1 1068.54007925973 307.592257012524 1152.74144101276 567.338280391613 55.612177028211 14463.7242274234 1 -9999 -9999 -9999 Inf -9999 -9999 -9999 -9999 -9999 -9999 -9999 -9999 Inf 168188.468937175 1468.06250594411 1025.43953514568 101319.665087973 1 1 5.54772133349541 35.4479183329111 1 7036.28043117195 1 180.755078315163 818.323636504731 64271.0037739045
1.80344578042214 1.55040992720673 1 2.59135480866237 110.597065464427 468.28545760747 6.10119341470802 1.24434770608305 2.22756270554129 64.9164172646327 156.546215424222 1 38897.7449282177 85.1595327961358 409.910247036013 10.867777636364 2.80898806376117 1 1 1 1 1 1 1 1 1 1 85.8674002177082 3.5554012335774 8.52489685549585 378.331359447451 1 1 115.670475627214 485.839081592598 7.12171577160279 1.7132286313296 48.8638234554038 2.09498294341099 1 64.4243457003398 1 1 -9999 206493.534072525 -9999 Inf -9999 -9999 -9999 -9999 Inf 1 1 17.367714825985 2290.73043769361 622.648703094695 2202.60214104245 9209.06890311408 906.063445503938 2917.31992388952 755.351486793703 526.045854482485 287.58465142194 12.6441666896986 220.159871101281 1 1
1 1 11.0834476563581 43.9171067673393 3.07726927465958 113.298243932523 720.968118337725 5.31680397708195 91.4708318100842 770.325411519625 1 1 11.508472217774 100.559646218543 120.712444845652 1.22519286076299 21.996015232994 14.4705118843278 7.33700819143279 2.13340279672289 1 1 88.0335778481196 1 1 1 1 1 1.49051897637958 115.61699390082 1 4.54305802891182 3.00050018696765 1 1 1 1 37.7047549809081 1 92.2554597072416 58.3511337544875 1 1 59.4610337141417 126507.215742638 2133.5061988572 457.218033068285 1 1977.26460620674 28.1583455569408 812.797659453262 1268.45289645855 1 1414.56658373067 255.052936468486 99.8445400878879 132.926410706823 201.436341767677 350.208103866324 227.22244708025 221.112857916996 1538.08962915825 935.006789001741 13.79027254151 2.34912161577232 20.6109797452485 1.16451230559335 12.4200530286364
1 1 16.6045231776957 1 1 47.7625539673152 65.2707690638281 1.57784846011141 2.515689875434 1 1 1 432.186974905876 47.2896711561427 1 1.07275808128389 2.84864369095398 335.683801203685 16.7767722627442 90.8089256814684 734.203450538678 37.6453818026996 1 2.08660899186694 1 4.45492345799757 1 1.2148664785912 217.678459203311 1 23.6198780880342 4.2951551061046 1 53.7561627886707 13.6826348341904 81.1813351479993 1 1 6.31669076686456 50.0062954143213 122.067907630957 194.561934672297 31.1912909977484 1 1 1788.4159449214 485.824688272976 1 48.4607786227494 1.71729051428758 136.525955310221 8.23964252591325 1 366.961128599509 309.969281538058 240.665584421049 64.9137546355126 42.1205670369859 20.5523509798177 38.9583697817366 1035.62551953625 9.10638137703939 2.73525832319232 8.19572596965588 2.48800114854295 14.4665768416989 9.24517014488344 52.0387134967354
6.39377545428306 6.58537608916139 16.5092561064253 1.22228070276836 2.61297618390122 139.860606896051 1 1 1 1 1 72.3816515483022 7.38741774329396 66.9568306760764 1.48647365133326 2.39878403616728 1.05321909516254 1.0484589926236 248.014224991612 1051.71189487371 34.5160481754761 178.103894810724 515.791171456409 1 9.48670481567225 1 1 1.84932536288397 1 59.2167547192008 1.52276168039455 1 1.07918737605352 1 1 1.90757153004975 9.5382259811306 59.6428548696797 74.9243058009201 1.36040155175728 2.83828676971379 5.80953338978419 11.6039324513983 17.2503834469148 13.4215164527509 20.0745091747063 1 1 2841.61880648375 1.14286237384591 2.92045268298663 368.422058101401 147.527672822302 48.4881469962452 56.9541751855037 20.5322052655887 1.08240203850796 39.7927576936764 64.681279038744 41.3664194430029 18.4378989487604 30.5972336840599 31.6947128810795 8.69884662948246 4.00259158928612 11.9980128893443 39.2551612990908 55.9933129767332
1 133.96327114756 290.190718796057 1 2.64196456151006 1 1 1 1 1 1 11.7479195965692 1.1605268647381 28.4799737539946 1.21587266054519 51.0417858866317 60.4641398689654 166.806509163772 5.50714112744147 687.98238297524 554.042344212026 70.6785951487938 11.1863581738648 84.1229796060443 1 1 1.05629437081422 553.689404456806 1 1 1 1 50.1736059582187 3.95446903217587 10.7271151764026 2.02499338270808 1.68711029734411 27.1043797638097 146.141368782049 1.81585530216467 1.44824392893916 63.5168680799817 1.36457198533934 1.12433231876903 1 1 210.622943601679 1 1 1 2.99000990721777 108.24724142401 77.5935563738602 45.0330239034788 34.8779542240828 1 47.5631989410611 51.3462386621594 50.8470166909556 41.3744697988282 45.4818402434849 54.2209110702978 1.19878665641208 4.02660197470728 3.46726021785163 227.965728140069 44.7143163614596 60.2857994165072
1 1 254.199709676322 4.78646520170215 1 1.19062387788286 1 1 2.33596097356024 98.5696992086273 8.03987391057531 1.34867921782581 1 1 40.7871251969429 1.1837903892295 2.63155782722515 150.540465473585 1.20735245026331 22.7620202065315 8.39323700942101 1 98.3343162528265 1 1 1 2.00977464581296 1 1 1 4.28084156310581 16.4392007421056 11.5273711804969 136.699554010855 11.5579593323026 1.50270156937942 1.83964847802937 22.9843062198309 49.5384890525963 69.5483371804281 88.0936844688507 68.8076044267226 117.927833734695 115.589236355002 101.83643632976 318.289313107639 190.561757380372 6.15045584705829 6530.6410169155 1 4.9863363531953 119.698646621026 7.75447559497247 419.783531526264 240.957514333955 62.3899137219285 89.8404160048992 26.0295907913701 51.094817510629 8.13715332936535 19.1509853446252 536.868291270222 4.43676500904517 2.16281125429985 8.9640711685873 159.108630850795 114.272550722605 12.3643040751388
1 2007.52062763978 1 1 7.67929315202227 1 1 4.03532294998421 1.72366733019122 4.11158619132828 3.32145756629375 1.54338208999273 1 1.76757833065344 1.17526199669641 1.28947046234313 17.8519366152923 186.327186154009 5.97705772438743 1.24395121023204 1.00400572071615 41.1813207218131 1 41.1075568695127 1 1 1 1 1 34.9686481421874 18.78735071395 31.5108938523413 82.4458296617051 5.9797642937409 33.3461785387066 1.84949899130643 2.1802852396637 1.57293443847713 135.476979636571 159.99896791779 20.3664615392705 48.2734493060674 197.251817243936 1 394.641324293502 13.036632238337 75.8335987086421 54.9083665767955 73.2486717972143 1 46.1746317261004 137.970071387811 9.15704767087129 247.341211704432 395.484524795115 412.440864719124 1 1 1 6.61842217325447 17.2967151540914 36.5799118158229 6.66682795628532 89.722467786438 94.7481960303337 376.183917227937 11.9421722673667 2.66749018909454
1 1 1 1 1 1 1 630.538922011276 18.6720163292063 182.202814675511 1.66436132468003 355.028043642365 1.86588215431781 182.15255515551 14.5912405281752 1.911987552918 79.2023375024713 75.883834258968 642.144794599913 4.3649837851799 6.75993401489167 2.13012751646298 1.00716061262045 1.88116328734671 1 1 1 1 1 19.0710121769979 43.0773519649906 96.8367803371988 17.0330343954449 9.6027194998811 3.5792176446042 13.4553437295901 43.0420966596128 30.5831565179463 9.39609203996855 70.4705669920225 24.8126522980829 149.820982538649 2.07920777405151 1.34595489497633 1.25105452777447 45.8748474245714 24.3252867155319 101.593196409766 396.412092554644 17.0382424771467 1 107.478804823885 1 1 116.842585834029 1 1 1.44106517315621 1.12828914888945 15.6442518550971 72.1253703002128 73.8229972825513 169.354493271144 1 3.24979064783286 2.72964139915719 2.46420893379283 2.32521084809876
1 1 1 1 1 1 1 1 4.2414665785203 1 73.4757793072227 7.58347359638458 761.540385045038 941.699539022538 20.5463893828205 306.825083647317 1623.39329932739 1 46.9138080647659 274.795721225602 120.610267397996 935.841487893934 3.67765548566054 3.96031647164306 3443.50504430232 185.901409570845 17.9993000154856 127.327337785448 1 1 5.85045278898933 80.1329386391976 85.5228815163466 74.7340923963838 30.5501945840733 12.5674452642653 66.2114790000278 283.667786067804 3.01047625086258 68.2428472118203 68.6266812124015 25.3018929174142 8.43396970406965 110.332998108706 3.60452582575813 230.205465707968 84.2795222518345 41.0047987180221 3.61050537790925 1 1 1 311.270932942184 1 400.506701918912 308.609829480856 1 1 172.571321370897 219.81998003048 72.324227654769 143.99619227886 193.955290657781 828.93565101239 29.9642215230207 3.17052214749196 2.00620474188027 19.8517345768129
1 1 1 41.6926926956705 1 1 1021.9202313117 1 11.5071643996135 1 1 1 734.13814165301 1 1 1.83020979849966 1685.82085792865 9.93528276131765 319.709594667154 683.834620901771 3.94292801148784 60.9457301707038 21.032549110505 1 154.011054729314 1504.08447419884 1 1 1.50735415247543 1 13.2182364032518 93.6994967627041 1 20.0302224892265 48.87176472721 136.260458535563 448.603519247593 82.171614178728 43.3704612684343 58.4889851829075 15.2729121369967 45.863951349618 3.24604466120619 1 13.094643561134 38.3302584181459 188.324197584569 11.7167528647365 13.1877784182256 86.5325680913342 1 1 1 1 311.879319931177 1 1 1 1 606.606425084072 334.093160482856 382.512787353389 4750.78996881468 1433.64281302757 1608.17907401545 1 66.2710199735983 44.7406611906455
1 1 1 1 1 1 1 100.233182049839 1 487.901975734025 71.6994857329721 1 1 1 1 362.491520809339 2803.89937683218 1203.83692925376 1.42520721867508 1 1 313.21166034417 130.622072668584 1 1 1 1 1 1 1 35.1010789087236 1 491.896401390234 1 1 21.0049707475467 693.562311246874 78.3653624906417 37.398146655073 2.85012649891591 147.09269595296 14.3809862294659 5.17258448595057 1 246.206793342371 6.07559462991763 6.35977311755676 94.7818903790933 8.0980569581114 6.07442832626169 1 1 82.0835075316544 1 1 1433.05877672993 418.125015838428 1 2170.02597160368 516.842015730269 120.833805558819 19.7896103854276 1510.62726371572 2278.53798910488 699.367647493571 1019.52346129443 97.8849393568958 1.58900564870398
1 1 1 1 1 1 1 248.356920350037 1 28.2449144715907 1 1 1 57.1593457323412 1 1 1 12.3855905297699 17.5357608343374 1 1 777.118904340479 44.581398385971 1 1062.09456873927 1 50.0448855109582 111.851177671834 1 1 1 1 1 1 51.834936312339 140.425556069504 229.976530845169 30.3190584625652 57.9032350935263 91.6419735552332 3.87475584206419 205.191581535929 14.3613445009605 1 1 503.834745714002 7.41907027679471 3.77624241407398 2991.84959358955 2663.35514324603 3402.80859483137 1 1 817.701667512968 3933.2170445138 1 27.8191548501589 1017.75464712873 4949.67933602341 11503.9204649146 18798.0940868458 7197.68190660679 2513.59570193115 2408.7374141636 305.472607322872 336.801023293769 1275.83184163097 6.44117322784681
4.89839172304045 1 1 1 1 1 1 1 1 1 1 1 1 28.4122957684283 1 1 4.24622961304504 1 7.46273734317476 13.6087718926108 1 3.19134145200615 1.79418281483421 1 1 1 333.750915826708 15.2682284169659 1 1 1 1 4.86039970585323 43.0595654274256 3.44857441858146 29.2993258661676 112.99172155783 109.339307353445 64.1461969730377 13.0167404499529 2.58778527831787 179.168703975099 1 190.481056717646 1 1 1 1 1216.52419002613 1 1 894.43750573105 1 250.44696107554 140.834722607553 52.9630684623788 1 183.60236771611 7790.07016645844 665.413913188149 3801.57849326004 1735.68351268687 1 112.33394364589 2222.92888148123 976.977578419768 3017.53727505593 30.8566360587187
