Other/Paper Figure/Data/VanVlietFig2_maps_ERL2021/fig2a_WSq_Tot_ann_global.asc
NCOLS 720 
NROWS 280 
XLLCORNER -180 
YLLCORNER -56 
CELLSIZE 0.5 
NODATA_value -9999 
[rows 108 to 134 of 280, columns 366 to 426 of 720]
0.000967813618321284 0.0249371891718766 0.000190415617372619 0 4.63504132337966e-06 0 0 0.00033423254414081 0 0 0 0 0.059678884650426 0 0 9.50660383835748e-05 0.0010543595620417 0.00185035459210884 0 0.0110928661310307 0.00851712545793154 0 0.00302643200606746 0 9.7455766198177e-05 0 0 0 0.0106869213847857 0.0143329494448689 0 0 0 0.000127486462939289 2.41272779858718e-05 0 0.000241962654912306 0 0 0 0.0334028466858367 0 0.00811599950991933 0.00331435701726367 7.86344669800514e-05 0.00410060025996837 0.000568219498086515 0 0 0.00422366941394586 0.000163218656219505 0.0102254379227266 4.04703281250778 0.000458894232231541 0.0108888496094836 7.77919130663502 0.00314205579562859 0.940738337576114 5.96099542786224 11321.3013061604 0.0102240855395336
0.0579438043827588 0.00373147971475345 0.00106990953248712 0 9.71280913463135e-17 0 0.0101716736404748 0.000954375312475256 0 0 0 0 0 0.0568126720540274 0 0.0147071552664357 0.07493812924813 0.049484637087239 0.0043655528484194 0.0172790600758392 0.00205345032882269 0.000192505141456021 0.000338956550789492 0.000145400786593167 0.000284431588155066 0.023488907711599 0.0763495325579673 0 0.0034585412285697 0.048377270560563 0.00358138045197531 0 0.000497159122984196 0 0 0.000104931851254184 0.00303979690506847 0.00348651166481813 0 0 0 0 0 0 0.0415263794760731 0.0845650522021113 0 0 0 0 0 0.00346188139187072 0.0563124096147052 0.0422628124910827 4.01210809526862 351911.379378567 0.00417330116837322 0.0243948779284606 0.00978706377971963 301.30294910739 Inf
349.124601875798 0.0152313215034919 0.00169275262810902 0.00222691754843077 0.000732317258534498 0 0 0 0.0149666405707658 0.0502405212481925 0 0.0530283578578467 0.0702463706499282 0.423504378691248 0.000555320996340807 0.000315275136454303 0.000450482875903973 0.00254637171078165 0.00415956552704539 0.023941624816423 0.149598614471064 0.00112895318180556 0.0277520230203643 0.0184007426549122 0.00164468608199233 0.00333619571849281 7.40794085257994e-07 0 0.0211833592716155 0.00193806694687289 1.57913411304902e-05 2.02090366142659e-05 9.8454418852279e-05 0.00173608253211394 0 0.00524884279689935 0.000233566572613157 0.00832947481392258 0.000594560184212695 0.00668388155983806 0 0 0 0 0 0 0 3.47155431791294e-05 0.00658200827790113 0.0326433380843928 0.0216466677709741 2.12861395517287e-13 8.54743435104177 0.00132989536567207 0 0.00724144206549773 13.8197092286059 17.4595526565149 81.1742023668397 2.52545783951829 Inf
Inf Inf 0.219334415249789 0.0057724312725486 0 0 0 0.00872922813189527 3.13107044985113e-05 0.0241731308434725 0 0.106788959601355 0.0619398615302168 0.14814834297837 0 0 0.000119613494829495 0.000112982319250118 0 0.00128702323001449 0.00185922465675572 0 0 0.013499360209811 0.00118459491076386 0 0 0 1.95745105458173e-05 2.32332063200363e-05 0.0270198682490335 0 0.0123842727764333 0.00162397256221881 0 0 1.08168618434309e-06 0.00180115273986521 0.000329099145760094 0 0 0 0 0 0 0 0 0 0 0.00272862614721708 0.0216304062829458 733353.025157042 13.6884149197236 0 0 0.00619191425829675 0.00814366362556681 0.0123882490235417 0.0138011924360037 30.5768078885321 2.41056927297275
2.58160544020297 Inf 0.0125585058083382 0.00220891247507404 0 0 0 0 0 0 0 0.000953239051980026 Inf 0.0856626000840213 0.000526646318590911 0.00015761627324783 0.00053685803154865 0.000289766628653325 4.38499167885506e-05 0.000354124656427686 0.00304313066619853 0.017259718981442 0.0159159756749049 7.34816924614671e-05 7.91119469805166e-05 0.00323855368485176 0.531565676084453 0 0 0.000313280061389885 7.78550782151179e-05 0.00623519563927601 0 5.06279766165952e-06 0 0 0 0.0846411644084746 0.0032349105366967 0.00380149671831688 0 0 0 0 0.00012903952249087 0 0 0 0 0 0.00662383429438734 0.0768153153407714 0 0 0 0.00575379960354701 0 0 0 0 0.0191270272020701
0.00032522203882265 0.000594609519243631 0.00340666961815685 0 0.000231590829057085 0.000158327727577172 0 0 0 0 0 0.12285262902642 0 0 0 0 0.000264911827713976 6.69712983613199e-05 4.03585621329535e-05 1.88131647963886e-05 0.00258478502752369 0.000925010846445216 0.179341331479581 0.162967811693918 0 0 0.0322155898246678 0 0 0.000655417336063126 0.000137568633412449 0 0 0 0 5.01468158686812e-05 0 8.11249520891824e-16 0.000422825366725967 6.85610430192194e-05 0 0 0 0.000144264889324157 0 0 0 0 0 Inf 0.463468406298266 0 0 0 0 0.00280613693956522 0.00424437559869623 0.284564070162273 0 0 0
0 8.71414863404118e-06 0 0.0282242691095578 0.000260384509618578 0.00110279948506045 2.28607166940238e-06 0 0.000326461536855703 0 0.332502725898604 0.0400921413699303 0 0 0 0 0.00076992026087828 0.00154481970004769 0.0439171349386737 0.171810813472381 0.120004580515559 6.33843421087304 1.80382954916643 0.0082289430686172 0 0 0 0.37905312509401 0.202991556822263 7.81274258630253e-05 0 0 5.49812872337004e-05 0.000173447567870312 0 0.00163676980754879 0.000236272754300836 0.0103201483690303 0.330864576948958 0 0 0.000659715676501399 0 0.00271429008267517 0 0 0 0 0 6.48337881356146 0 0 0 0 0 0 0.00632188379392801 0.00396089810229346 0.0182163882124946 0 31.8006996412491
0 0.00205659625733046 2.27643789558266e-05 0.000471152568439556 0.000287277009511586 0 0 0 0 0 0.117341085313392 0.0311404376366459 0 0 0 0 0.000135652453814312 0.000307807753660023 0 0.44097241168918 0.138430102192569 0.223213100055406 0.132343126822872 0.0805284514984772 0.810258638677159 0.0360470796728852 0 0 4.79576750391881e-05 1.65308774566587e-05 0 0 0.00968845395987282 0.00067359115851223 0 0.0111922809925581 0 0.00772506543747832 0.00566204097614269 0 0 0 0 0.00193544360625314 0 0 0 0 0 3.05436741883763 0 0 0 0 0 0 0 0.00751509368648243 0.0053758475589811 0.00178169967102224 0.0189580747996965
0 0 0 0.000474818644221949 0 0 0 0 0.000521125474618067 0.0091614727514808 0.00197667640647217 0 0 0 0 0.0113000665904255 9.35201364786328e-05 6.68625845869262e-05 0 0 0.000116562306506276 0.76198890939427 0.446494997831899 0.00344828953605768 0.107880057480523 6.65555395344245e-05 0.000146022373477007 8.02521549640533e-05 2.35505911093222e-06 0 0 0 0 0.00295012667009612 0.00844119831771999 0.0214859936711917 0.322450835835686 0.0551800629463017 0.0198032247318768 0 0 0 0 0 0 0 0 0 0 0 0 Inf Inf 0 0 Inf 0 0 3.4832637677803 0.00298882324459716 0
0 0 1.39609617239868e-15 0 0.000112467764222511 0.000299046787762437 1.29887141736504e-05 0 0 0.00761694718756306 0.00104943817158985 0.00076560560021263 7.78938412134107e-05 0 0.021359506503931 0 0.000336398811088442 0.000832169193300256 0 0 0 0 7.71380207837302e-06 4.23260591816238e-06 5.41048881921892e-05 0.000468755180585765 0.00141243679470593 0.00104741693524067 0 1.49908880740211e-17 0.000166136367415046 4.10794556807362e-07 0.00180671571816826 0.0218809871321215 0.00806352671209945 0 0.0115319782479212 0.175485684071535 0.00439371511943096 0.0447279122156127 0 0 0 0.000583144974002106 0 0 0 0 0 0 0 Inf 19957.7702568165 0 Inf 31.2453646393463 0 0 2.48508861751908 0.00167488257927162 0.370371868242972
0.000187707112420094 0.000521825509548468 0.00112006013278657 0.000514822081241166 0 5.14203585933522e-05 1.36647698986865e-05 0 0 0 0.0234059951856379 0.000847850465989116 1.22843025203244 0.44739614840353 0.511361439543075 0 0.00103940560630635 0.000409317716943418 0 0 0 0 0.0443999072622922 0.0253710283493022 3.73566668491059e-05 0 0 0 0 6.06979958081729e-05 1.25225239601327e-06 0 0 0.000231252450842708 0.00357233740334386 0.00345072541686743 0.00140403658445563 0.0330283787683099 0.00811167708137672 0.0247575423530784 0.000317775134726972 0.000317312204899888 0.00886711243053732 0.0791132028830532 0 0 0 0 0 0 0 0 0 0 0 30.9544698983722 0 0 0 0.00119373723582572 7.10190950527925
0.000261483700234286 0 0.00229981210892755 0.00571160955178231 4.72701221954624e-05 2.00132051173363e-05 0 3.44895217539186e-05 8.76772304690003e-05 0 0 0 0.0493828181591859 0.103778965028111 0 0 2.07919649692135e-05 0.00223841821047565 0 0 0 0 0.00585478329436319 0.000522542709156121 0 0 0 0 0 0 0 0 0 0.00025036618018716 0 0.000315380332779176 0.0969338578871559 1.17629904702361 0.0400187279379798 0.0251489943285862 0.161957228821351 0.00433089312074215 0.00119033457100439 0.0414667191739813 0 0 0 0 0 0 0 0 0 0 0 0 0 0 0 0.000903771300550862 2.98119547687046
0 0 0.000851741147879672 0.00133509278715531 0.0625901937057963 0.0023797527107398 0 0 0 0.000170496177810099 0 0 0 0 0 0 0 0 0 0 0 0 0 0 2.14041013424938e-05 0 0 0 0 0 0 0 0 0 0 0.00141466756586844 0.00104568993636618 0 0.000598174468620883 0.000600750863284789 0 0 0.0218766856164076 0 0 0 0 0 0 0 0 0 0 0 0 0 0 0 6.17956574542468e-05 5.34844589356279e-05 7.5285973886966
0 0 0 0.000534294310872851 0.000152532785499904 0 0.00157856082211533 0 0 0.00122326856507048 0 0 0 0 0 0 0.00346494358883244 0.000216156013329102 0.000477429173930014 5.95965197017498e-06 5.91669597877344e-05 0 0.00013479261298121 0 0 0 3.09726257841049e-06 0 0 0.000269008681736608 0 0 9.8613839739113e-05 0.000835178956129668 0 0 0 0 0 0 1.95225203917576e-05 0.000190224024913267 0.0206637776604917 0.0484493111155708 0 0 0 0 0 0 0 0 0 0 0 0 0 0 0.000518409338279192 1.62870724374369e-07 0.0298247582766489
0 0 0 0.114309769959994 0.195163513073888 3.68330529486275 0.0014154441160215 3.11972796372138e-05 0 0 0 0 0 0 0.00166466557473167 0.00949859769163271 0.00731596087806143 0 0.000704090088804372 0 0 0 0.00220135263460639 0 0.000187862388474406 0.000116261425856785 0 0 0 0.0130494948170663 0 8.9477629077613e-05 0 0 0.00040076192803687 0 0.000377709387638063 0 2.11611776622276e-05 0 0.000143641341625651 0.0008258299921418 1.32923458117353 0.117337551884166 0 0 0 0 0 0 0 0.0024130944548701 0 0 0 0 0 3.95876177128653e-07 5.39391104536039e-09 2.58428798490008e-08 1.69913576485046e-05
6.43842113667267e-05 0 0 0 0.000193192449248929 0 0 5.34193716577991e-06 0 0 0 0 0.000252778692231873 0.00105421408578609 0.00281143337691715 0.0011166781984206 0.0031742715350058 0.00306212317242427 0.000520006452703702 0.000608274372325787 0.000206352642963706 0.000447931883647815 2.81657084683862e-05 5.74960012746036e-06 0.000195562967489468 3.55365139359076e-05 0 5.82374040259366e-05 2.89374041436326e-05 5.99766321563158e-05 0 0 0.00126385326120209 6.88531136255956e-05 0 5.9450559714875e-05 8.72766236228276e-06 6.7483147121277e-06 0.0010941472705651 0.000995762753827548 2.72892567515756e-05 0.000216633855969648 0.000223693532790998 3.68273462440348 0.0226481840053498 0.000128452734926219 Inf 0.0031691264171465 0.000593503240768744 0.000411285475760931 0.000100843169733934 6.74251897360171e-05 5.0044132076792e-05 0.000582016428044324 0.000446930191367031 0 1.0479983269396e-07 7.26712779080805e-05 0 0 0
0 0 0 0 0 0 0 0 0 0 0 0.0086145915111829 0.00705106761113863 4.00761521785189e-05 0.000436090656069051 0.00121954459736716 3.49810927887565e-05 0.000533667559791746 0.00104480648332108 2.56872310915846e-05 0.000122042917722487 0.000233525251144123 7.47236749519806e-06 0 2.82685883845576e-17 0.000392968696798646 0 0.000108361944317641 0.0102698009701763 0.000731636876186492 1.08779890111792e-05 7.16768830681152e-05 0 0.000132193063750482 0.000141979116406923 0.0021197566105573 0 0.00162877195321975 0.0035100748859213 0 0 0.000169285916102532 0.000191466883330009 0.0026550858908404 0.0605869337932475 0.129983583937564 0.0177817938638306 0.0290390626707971 0.190194798497347 0.125323249380285 0.0143225410958746 0.00712852269954713 0.553060708467602 0.0140727948443553 0 0.00122792516313961 6.39935746279541e-06 0.00012388002576376 0.000148195877108044 0.0153686025607304 0.0023067020572789
0 0 0 0 0 0 0 0 0 2.89897338584216e-16 0.000378683046381283 0.00213576318606569 0.00117185557320713 0.000322305319002154 0 1.93448671751369e-05 4.7122640866251e-05 3.79562358589947e-05 0.00222655073732499 0.000215276567874019 0 0.000120178400815198 0 6.14395381947585e-06 1.50990816911869e-05 0.000284057551821763 0 0.00108741463721172 0.004860541671386 0.00225382583479319 0.000691764075688206 2.01225634541729e-14 0.000368347797378673 1.27255756923105e-05 0 0 0 0.00126321689618313 0.000206545203806199 0 0 0 0 0 0.00317759690549633 0.101618520147944 0.16678493982157 0.009581562421598 0.00462122569601968 0.00990381870349629 0.0312128806602107 0.0625912274686949 0.00757286673689669 0.00143056438277265 0.00106671145211912 0 0.00428875071052059 0 0.00777169137015489 0.00237698369905322 0.00722886275778573
0 0 0 0 0 0 0 0 0.000256803755561129 0.000295867877856456 0.000774531690901947 0.000527275974642476 0.00112367527384479 0 0 0 0 7.41251608746646e-06 0.00137808678098426 0.000151991721207339 0.00023912954833122 0.000179536301552703 0 0 0 2.8672612117159e-05 0.000332830083425027 7.77666806791394e-05 0 0 0.00468554227366916 Inf 0.00118861464149883 0.000149371376457686 0.000657235825696566 1.01077916168124e-05 0 0 0.000351798397348152 0 0 0 0 4.44053797918759 0.0464659370470866 0.0112976602825559 0.00135103056923333 0.0223297477057514 0.038502237974057 0.0112803380830056 0.00866936428922642 0.012648865722994 0.0107472061750652 0.0115429832428171 1.12815169971901e-07 1.59691915430664e-07 0.0136213788168501 0.00113273652656341 0.0104000193836155 0.00279481040065345 0.00905486748997058
0 0 0 0 0 0 0 4.49741901606736e-05 0.000105834386155843 0.000673771018631354 0.0147624364544067 0.00238480959277486 0 0 0 0 0 0 0 0.000197303794269166 0.000360879307617748 0 0 5.64368235294148e-06 7.02264551496801e-05 0.000110429193713004 7.06844274101173e-05 6.62979219894991e-05 0 9.34483065996977e-06 0.00041390069673182 0 0.000128514483811837 0.00057100988051507 0.000168945709232116 0 0 0 0 0 0 7.88957862793793e-05 0 0 0.0338959568418268 0.0308803573875336 0.0553963678048698 0.0808628149997559 0.0692081494182241 0.0235970166727647 0.0358707338519704 0.0211995900628853 0.0189960363192086 0.0168620823678232 3.35527797420882e-07 1.50416478913135e-07 0.000833728738478386 0.00119280118206136 0.00546559927969286 0.00563593210832679 0.0687843509700956
0.0317371868625015 0 0 0 0 0.0247076943202896 0 6.76403720160435e-05 0.000261735721923468 0.00248314428771493 0.0196306631066135 0.00345456142914644 0.000177899729986785 0 0 0 0 0 0 5.53311594958518e-05 2.99487511321354e-05 0.00012979643239966 0.000108772368423424 8.6466008381091e-06 0 0 0 1.46231660060569e-05 0 2.06659358678031e-06 0.000619952496853163 0.000124328935773362 0 0.000314640130423041 0.000185703748730739 2.50347979221074e-06 0 0 0 0 0 0 0 0 0 0 0 0 0 0.00556575144846439 0.00156173985517452 0.000841550682228563 7.03230476634192e-07 0.00172054014918587 0.000124208871227226 2.44735634010448e-07 0.000491997976456068 0.000557367154320521 0.00930770117690722 0.0117378335574834 2.20204172908195e-06
0.000473213530359741 0 0 0 0 0 5.81582692347198e-07 0 0.000184342504874608 0.00345444608749443 0.00440066670042745 0.00369438859260744 0.000576054966672064 2.67229723496579e-05 0 0 0 1.68517746939933e-05 0.000200184309061161 5.67509091862385e-05 0 0 0 0 0 0 0 5.10758710668912e-05 8.35426405743893e-05 1.37888918653788e-06 0.000191728269749019 0.000563222120034279 0.000105635989192693 0.000107074697075762 2.61662978446026e-06 1.63616941319093e-06 0 0 0 0 0 0 0 0 0 0 0 0 0 0.000580509722420669 2.49331665596908e-07 9.41816534703888e-08 0.0152356293283223 6.12896889367346e-06 0.000135768756966674 0.358322894942005 0.00114189821986088 0 0.0688100113751032 5.90009517861184e-07 4.36854448593854e-06
0.00375010679883528 0.00475110915459847 0.000243450495266241 0 0 0 1.02711934876139e-05 4.92425608107718e-06 0.0418741304005171 0.000638279511528753 0.00427800966042271 0.00646165906265599 0.00545182607968006 0.00180879262680431 8.59761442354423e-05 1.22982720526644e-06 6.50013800040302e-05 1.56987749218221e-06 0 0.00014577888193085 9.7488290056926e-06 0 0 0 0 0 0 0 4.88346041964558e-05 2.24943316848991e-05 0 8.71763123775917e-05 0 8.98224323108763e-05 5.09817258246117e-05 9.43996308759317e-05 0 0 0 0 0 9.40099492728442e-05 0 0 0 0 0 0 0 7.88156871677081e-07 4.44689840239495e-05 0.00376698030713702 0.00359146389890071 0.00786252397986173 2.07876357280337e-07 3.45439276259013e-07 0 0.0003490048380997 5.94697497183281e-07 0.0103283429266012 0.00746019024568819
0.0264369327129095 0.00476763848614093 0.000670723730666373 0 8.55338790622564e-19 4.69472994088108e-06 4.89839906253132e-05 0.0280919748461724 0.00223981284790924 0.00235063794691926 0.00319595109116112 0.00742587717645653 0.00120991481492741 0.000711430274652182 2.15686112672992e-06 6.66374256099598e-05 7.49320333476543e-06 1.62796886026235e-05 0 0 0.000877064388770165 0 0 0 0 0 0 0 0 0.000191520055462221 1.22432374222887e-05 6.31853164963545e-05 0.000163664330661148 8.43444393655363e-06 0 0 1.67203177250591e-06 1.09993050871612e-06 3.25621916739049e-18 1.40385836356261e-06 9.46151292541416e-06 6.10555437663157e-05 0 0 0 0 0 0 0 0.00276665696904348 5.12651290499752e-05 0.000714347848885385 0.000392867760470327 0.000235002599691797 0.000215142570089513 0.000183200721583961 2.96654861887175e-06 0.000126817388772083 0.0120515059852256 0.00650387353310093 0.00477129457219374
4.04369123831321e-05 1.33811725042501e-05 6.35886710477498e-07 8.25857515951663e-08 0.000249804416962263 8.6430227406421e-05 8.84745217002948e-05 0.000151016726519866 0.00519085297619659 0.000362460878428305 0.00106262556328497 0.00115137985800239 1.25617016265701e-05 0 0 0 0 0 0 0 2.53877799173757e-06 0 0 0 0 0 0 0 0 0 1.00773021651574e-05 3.02650232155047e-05 0.0129987856703866 1.05826434489181e-06 0 1.3200431595229e-05 2.44304622395478e-05 4.96792691911831e-05 4.87537676810891e-06 7.28291019312256e-06 0 0 0 0 0 0 0 0 0 3.27382390291741e-05 6.1889097614977e-05 0.00115012359171607 0.00223466317595385 6.4436510815814e-05 0.000179883250024624 1.02459217726855e-05 4.50404320313908e-07 0.000384206693891773 0.00380997062960542 0.00607673567530729 0.00632638389607482
0.00251277859992308 4.21944542591895e-05 4.93406040407475e-06 6.20579058691557e-05 0.00016614019283031 5.1117514769839e-05 0.000205961772248488 0.000429242807976267 0.000264349105879575 0.0441045727622464 0.0409110477086755 9.77279450000383e-05 0 0 0 0 0 0 0 0 0 0 0 0 0 0 0 0 0 0 1.87840522138676e-06 5.55877839188386e-06 1.16025793647908e-06 7.20343855031789e-06 6.60702952367392e-07 2.94375744593349e-06 9.58947381599466e-06 0.000214413390911773 0.00013022494215638 4.90666377462728e-05 3.09630783112533e-06 0 0 0 0 0 0 0 0 0 4.44413495776194e-06 1.94123855561805e-05 2.65075933438944e-05 2.89200019659927e-06 1.56336091368497e-05 Inf 0.00531731008897949 0.000203931541831567 0.0032231849851897 0.00486284473909706 0.0459406566242883
0.00249072564295324 6.81980094655073e-05 0.00179919615841157 0.000386678655493581 2.04125140310266e-05 0.00299746264436869 0.00296683236218591 0.0108679513730761 0.000510906072746693 0.0240821788766155 0.014109173353579 0 0 0 0 0 0 0 0 0 0 0 0 0 0 0 0 0 0 0 6.96487539652008e-07 6.07762020105441e-07 0 9.99411091001949e-07 2.68976056613933e-05 0.000118711323381326 3.78706104402673e-05 0.000147974385060171 0.000353360761012295 0.000382501073691255 4.59074192557479e-06 4.60458618749985e-07 0 0 0 0 0 0 0 0 0.000188788577764799 0.000337297049498856 0.000104729875521091 6.95239411477619e-06 6.43502456839293e-05 0.0888082982140068 0.00816886434065306 0.000776025249141761 0.050293844389935 0.0163219727819936 0.000243044355264384
