Other/Paper Figure/Data/VanVlietFig2_maps_ERL2021/fig2a_WSq_Tot_ann_global.asc
NCOLS 720 
NROWS 280 
XLLCORNER -180 
YLLCORNER -56 
CELLSIZE 0.5 
NODATA_value -9999 
[rows 108 to 134 of 280, columns 427 to 487 of 720]
2.18801956204907 0.24433529727063 11.3400703378039 4.33721671315451 0.141567833690017 1.58507635132437 2.09712094751832 0.056326641742503 0.0193401918266381 0.725639246472375 1.62581871625157 0.00374837308601943 0.11348196592689 0.288259949154952 0 0 0 0 0 0.00758325440350327 0.198611001021118 0.00130680573713951 0.0609075541779839 0 3.09677796884275e-05 0.0044977735267408 5.44193392507275e-06 7.26690816391878e-05 0.00437916331674429 0.241179619263373 0.000725984931794219 -9999 -9999 0.238553105930493 0.155040265380147 0.228086713211025 1.74529452918707 2.0570681873633 2.97436274799872 0.214722498113727 0.690592069042014 1.33143553746938 0.000646868915608635 1.99966483445052 7.80700671148875 0.00734549181868927 1.07918165513448 0.0754520840294193 0.0372450172771153 0.000564911448341207 0 0 0.0162543166180458 0.0183946738007877 4.05304713820992 0.00128992928814242 0.000220471590332886 0.000344920603537659 0.00102296349682112 0.00261133291481478 0.00171642889305727
0 0.00101776320585551 24.1251443713963 1.82749327422562 0.0907917730929785 0.926763516427637 22.303014308516 0.0151426570291217 0.00248726137480582 0.293111751199269 0.000201818102131877 0.000309151676689192 0.041173614060107 0.00358123457388603 0 0 0 0 0 1.83968875992508e-15 7.085500483643e-05 0.417856674666324 0.00661155018857472 0.000441520028626982 0.00116152588085853 0.000202775550086077 0.00943663869989569 0.0514410624814061 3.37786008109139 127.461246762782 -9999 -9999 -9999 -9999 0.0867996462951793 0.696291929481115 0.271048242843753 0.250282245033936 0.219903868306361 0.440016310362448 0.0728231296122891 0.664467206653636 0.0887637357293063 0.117027232267537 23.4096736648783 0.0896891092489963 0.213661956679293 0.100654557559486 0.0203722281298664 0.153748197519085 0.00768302935517842 0.000288376039807974 0.00247480543686854 0.0109385272135202 10.9403779732792 0.0331109406794016 0.0204060761005428 0.0108439991950201 0.00698476120950067 0.00762581531875227 0.0294982545486294
Inf 46.6973791646646 8.23072187116142 65.7874625981041 0.000177282111934815 1.35012599661808 2.03066106850831 0 0.02689131602709 0.00474515278955464 0 0 0 0 0 0.00361348765466172 0.00111831728387284 5.04522839353362e-16 5.013917082011e-05 8.42427728983905e-05 0.0397000264111323 0.000127673220978455 0.00668920098008996 0.0165301094583153 0.000594788820750839 0.000323882778272675 0.0078552994361759 0.000804350025588557 0.0962609716764214 0.778893239692624 -9999 -9999 -9999 -9999 35.7816429840373 2.71635653225067 0.14184997354437 0.129740555844495 0.76043825546717 0.0900675682263765 0.166983375291777 0.440452153534034 0.910942939997989 0.0280233653312674 0.0151273501104333 0.0150224468446818 0.0238339671971677 0.0088939685459224 0.239483704010708 0.0609728637114763 0.994426763869502 0.52105634919678 0.00147617095637924 0.0120864456906371 0.0238911918251248 0.0946298828014942 1.25899767445857 0.00340827191665212 0.0104925317068367 0.0144674435185186 0.00451855039602025
30.2221875893089 Inf 1.0845005215607 0.014535261619214 0.0210393330067711 1.06925207754809 3.54067938331394 0.0482957060729694 0.571938673548366 0 0.000325326858208086 0 0 0 0.271390314329505 0.00354591356844306 0.978070310553264 0.0229272184450067 0.113934653350085 0.00503356161428163 0.00469745251510922 0.00010579181109621 0 0.000102314972981573 0.0656923991410783 0.0845986132187775 0.0581038312577255 0.000721521805854402 0.00517198539574626 0.00349180107649637 0.630174579908303 -9999 -9999 -9999 -9999 0.00959697575716799 0.0231828145778298 0.011195777408454 0.0204005067376827 0.599377829107358 0.339422145355713 0.0287092856192343 0.0175116430068527 0.0254208886853257 0.0297106844383252 0.134601425204215 0.0990250431183267 0.42728380253701 0.166131796203601 0.033883558170392 0.031497168133867 0.10033998700317 0.297344767448319 0.346589992246465 0.525773605204066 994.067033922907 0.00643729926733031 0.00631421565580163 0.000775042814253036 0.00078690138320007 0.000480583799623725
49586213809362.5 Inf -9999 0.0199783235704901 0.0478627778854045 0.0274464963310896 0.0195536221850434 0.00171531328007169 0.00424519628892151 0.0135492115176391 0.560099636206318 0 0 0 0.000616552635009416 0.0875805745821138 1.52143157466564 0.66779590751818 0.268070375381685 0.0682221623195569 0.00237014460378402 0.000465158662386381 1.87710317240591e-05 0.0072727535450153 0.0663290251905673 0.00577956601050682 0.0229529324875264 0.0481728395211518 0.000951908422317807 0.0332195661730317 0.0373921537187521 -9999 -9999 -9999 -9999 -9999 0.324757134670816 0.956579515610828 0.113781664508222 0.0665145137490035 0.0829873509717894 0.0138948372206588 0.0377012593488383 0.0249453453891652 0.00341440647400743 0.0192630404519468 0.0497668970004765 0.144965619712729 0.744457666327957 0.0122958103294564 0.0168370617809811 0.211557892449127 0.0141842800299916 0.0473752776156813 0.0250446980638764 0.0368964857230315 0.0247279913014918 0.0497437917265292 0.0836027057385694 0.00893079183429535 0.0148924589502827
27008.5539953068 -9999 -9999 -9999 0.0995827094008918 0.0101486229485187 0.0229374129057527 0.11190430292361 0.0100419683784775 0 0.00480714033347179 0 0 0.0166715503027846 0.0187613740279506 0.0237604275018549 0.768981282232789 0.113330070197114 0.237914952662987 0.201452521625307 0.170023043282559 0.00848998996677594 0.000123038796968289 0.000113493872244645 0.000380433187376598 0 0.409624337841948 0.00138046123881633 0.00221223847265251 0.0557825197109094 0.0289491602860743 0.0135143572137506 53.1393206205327 -9999 -9999 -9999 -9999 -9999 1.80333376825315 0.549783981287952 0.307262712348311 0.1911602469354 0.00765689492359859 0.0278623927381726 0.00860268509288009 2.58236959882875 0.114982172904554 0.859472828860935 0.120276702910682 0.0749688368777403 0.00226900696545021 0.0252333842389837 0.0774290855165366 0.345348802709849 0.621490700485664 0.0458478331185882 0.132704811649924 0.501396127909942 0.0121049507869984 0.00107934865434036 0.00762498840520638
144.069831921494 -9999 -9999 -9999 0 0.00592832839496598 0.039279216421594 0.000470099305705124 0.460147293999768 0.211126374609135 0.0376155864230232 0.00856822806010731 0.00286598359202949 0.620968438483181 0.000875733022309592 0.0285496557577763 0.0266426631538005 0.0103849190277974 0.109107739635335 0.111044051994471 0.344165763146191 0.0180781329230096 0.00165213644975927 0.0824782112443647 0 0 1.61236220100056e-07 0.0100011108592164 0 0.018057543491457 0.0019761515612754 0.375239292552735 0.16283967557128 -9999 -9999 -9999 -9999 -9999 -9999 0.311667529889256 0.0170041600595263 0.353610458807725 1.06568306091381 0.00510401513716875 6.10861692298939 2.85745289768548 -9999 0.117115617348796 0.021720256725666 0.0671309324275185 0.0754227212389151 0.0454853098509164 0.042399511206258 0.0292922772526689 0.00399943400207544 0.0615519827008271 0.0158125727673873 0.00220157502063547 0.0525062834780921 0.0650432039377644 0.00543817555346475
0.016788072544577 417.831504692489 -9999 -9999 -9999 19.5301077777335 0.00121187563674999 0.153876772382551 0.00296791018181347 0.0645272281923043 0.00523448915352706 0.110599850329546 0.00575205534393997 0.0385317358917186 0.12769246438352 0.0123026414846432 0.00165624005508666 0.0432810987266982 0.00657161345564901 0.20629661529261 0.670452361141045 0.195539081031975 0.638741384052715 0.0520918292791556 0.00485619420439696 0.00168050591098712 5.65037709403446e-05 0.0123285695401475 2.00732808330022e-06 0 0.0010706736788837 0.00130237511963687 0.0175023074454041 16.367922607903 2.42496853436088 3.89178232021173 -9999 -9999 -9999 -9999 -9999 -9999 -9999 -9999 -9999 2.2756254961411 -9999 0.0460547019577798 0.00464480334908424 0.00530194066935187 0.00456031501232181 0.0100522196733829 0.0749801957771199 0.384817883076677 0.0689862637777782 0.0253266113595555 0.0646023385984523 0.565458524274769 0.64841232384016 0.734394430129783 0.037904705239433
0.00314305824176453 0.0244106054576565 8.56535506698617 -9999 -9999 -9999 0.00280502689752036 0.000390350039973602 0.000756474769963814 0.0169008141028235 6.56343682320704e-05 0.45677796811346 0 0.00924993266985622 0.07439581661988 0.08523301118237 0.00462515295974757 0.00376741025090032 0.00135365928952712 0.0108885410427912 0.131005861609278 0.0809378842371559 0.385344469782485 0.350754484174383 0.0185807465643703 6.57980945020558e-05 0.0196111482927377 0.0152028158868284 2.0109555591857e-05 0.00716938954631494 0.0691579540013602 0.11630088936301 0.186734968104805 0.0106176587235211 19356340218.0189 3.30371987958792 13483.031763448 -9999 -9999 -9999 -9999 -9999 -9999 -9999 66996.6709442922 9.79161405179971 -9999 0.045993110907647 0.0548432694151024 0.00688797084767418 0.00851528362837922 0.00315819430007774 0.00694363559171418 0.0151509601425858 0.0113636951321259 0.0176702665485855 0.00463960402868761 0.00181123173367528 0.0051430119709484 0.140295109724183 0.0268683225186529
0.0354411138930998 0.00925603510261918 6.39100683377309 -9999 -9999 -9999 -9999 0.314973610079404 0 0.0433634429675263 0.00213057176040459 0.0173001243069714 0 0.00824449205265306 0.0102921077682859 0.00135428544699344 0.00122949519557906 0.001204362447352 0.00589131576405615 0.0161088806514317 0.00882550770694184 0.0667132933807467 0.323028766409049 0.3775267114028 0.0868404790190278 0.00171292044779251 0.771596081226144 0.00365009699072398 0.00811200355620123 0.979519146764688 7.35986084911169e-05 0.133232722675708 4.1866726919965 0.000113031366364134 0.0196405322420914 22388.6328081457 117.689094972556 -9999 -9999 -9999 -9999 -9999 -9999 9826991.41578389 Inf 12.1276849235144 -9999 -9999 -9999 -9999 -9999 0.0130448787897153 0.0237193983938888 0.253105285522616 0.454238981441933 0.0134093066249452 0.00417935038977161 0.87414975185717 0.0143120499260381 0.0961563022488795 0.0119248063886004
0.100649056273518 0.000807410420439767 0.00797116229613584 1.80164479785641 -9999 -9999 -9999 0.0046644832218858 0.000280880309273291 0.00589536179243978 0.0354862976257879 0.243094923157137 2.86253276891311 0.0357155341467114 0.0471021166771297 0 0.000530817545869462 0.000333473294926777 0.0229885172519268 0.00662432273700499 0.0518311785363792 0.169089568375398 0.0204109451534903 0.00134410848358745 0.0028412355923844 4.13000033850401 7.73011517621359 0.0504882905180299 0.0143345574102956 0.000134784025352305 7.92851261279306e-06 0.00270766947331198 0.000178829628716592 1.63520911939358e-05 0.00522373381392329 0.000140261755954354 7.06889333821254 -9999 -9999 -9999 -9999 -9999 5.61419107950688 2.81398087350637 4.35051404042912 0.267557795139346 -9999 -9999 -9999 -9999 -9999 -9999 -9999 -9999 -9999 -9999 -9999 -9999 -9999 -9999 -9999
0 0 2.77403700210054 0.649375250374343 0 -9999 -9999 -9999 0.110842194190007 2.92253919955626 0.0257272516722174 0.210188711267071 5.94964906655773 6.22381999369429e-05 0.000950842221291935 0.023716161540862 0.00417992586489797 0.0101000050554972 0.00167556012612526 0.00420236992718862 0.0044219010168344 0.101220389084607 0.00237501506547638 0.00313411010786775 0.117516564026529 0.229176665081376 0.924937853189726 0.397874733739769 0.0913517286101206 0.0107623435930603 0.000429888046922106 0.00159326589513731 1.16897055169564e-06 0 7.15871476261764e-05 3.48426072170291e-05 0.000488268919454841 -9999 1.15591198377307 0.0835629067348108 0.0346953152151223 2.2503820442082 16.5624326515614 3.16375150125126 31.2299015544789 0.0296059087776744 1.60110163466134 -9999 -9999 -9999 -9999 -9999 -9999 -9999 -9999 -9999 -9999 -9999 -9999 -9999 -9999
1.19133054522027 0 0 1.8906387633821 0.125537851504024 -9999 -9999 -9999 -9999 2.86930275873 0.0424231655228504 0.00849868982368676 0.001442864601692 0.000315037664857663 0.0110750198848474 0 4.14151580730514e-05 7.51011425863564e-05 0.235729316612489 0.000538461307994846 0 0.0107307492651546 0.0448473535750244 0.00215317848939885 0.0351324688493873 0.0181430010075506 0.198377913865283 0.0673857285019018 0.00148187866056687 0 1.04229018409807e-06 2.33058554526476e-05 0 0 0 0 2.65294728880173e-06 0.000445910088488484 0.0938997058150302 0.107902998924704 0.276158004449906 0.0273906269448592 0.00440524847272184 0.379431617232087 0.621186915660243 0.963899398977649 0.550162633245868 0.723894148661287 2.27030645710165 71.0064996493516 43.2892115436732 -9999 -9999 -9999 -9999 -9999 -9999 -9999 -9999 -9999 -9999
0 0 0 0.000646512091947968 0.200709632163671 -9999 -9999 -9999 -9999 -9999 0.00332899806959808 0.000363366321512496 0.0696041389563655 0.039383128419345 0.00101604849284448 0.000867789523588349 0.000773637930115439 0.000180722363612242 0.00245025664612036 0.00500091583068639 0.00031302237302267 0.0182306961758268 0.00218033407076982 0 0.000113482912715156 0.000479889042271565 0.0266559219434367 0 0 0 0.0112526300511889 0.000335073746688241 0 0 0 0 0 0 0 0.00024647692930769 1.84379988764333 0.0266585071498852 0 0.225225800319064 0.0115009860685006 0.343414373473531 1.08950998100807 0.317192732658677 0.434018716820975 1.05605782749745 1.18421527268955 -9999 -9999 -9999 -9999 -9999 -9999 -9999 -9999 -9999 -9999
0 0 0.0106328894866114 0.0228192924530356 0.0419999214862404 0.0234713400453801 -9999 -9999 -9999 -9999 1.02561409938869 0.650616938742005 0.100918229571075 0.0155633393636694 0.000992143678574863 0.0107047406768413 0.000327275181217234 0.00178867193883684 0.000261468245116776 0 0 0 0.000563219628449092 0.000112203866804175 0 0.0105220819539004 0.107484700594599 0 0 0 0 0 0 0 0 0 0 0 0.000822916637069235 0 0.0244409181414843 0.0220620917563713 0.00238818838192201 0.010949237058692 0.00203904463790311 0 0.0114488358547597 0.243730500059669 0.560336772714525 0.244529817334218 0.191944730694449 1.07561203995631 11.530154673558 -9999 -9999 -9999 -9999 -9999 -9999 -9999 -9999
0 0.00152655018040102 0.261373282567913 0.0601456669292751 0.00120373572441386 0.0432933961857493 0.0997655112359534 -9999 -9999 -9999 -9999 0.0728553372805543 0.0297158945556627 0.0257157974571345 0.000518951567845382 0.00102133320915878 0.00459549872130804 0.000938375179098045 0 0 0 0 0 0 0.0153306539901835 0.011751866250798 0.197516576678465 0 0 0 0 9.66238987986717e-06 2.14073171096526e-05 0 0 0 0 0 0 0 0 1.30582621943869e-05 0 1.90995068785132e-05 6.71627511197086e-05 0.0140622642529798 0.00507133850024935 0.00902365405635715 0.0458265801407649 0.0245598641797303 0.0253074041566648 0.30453819469534 0.0305407312515349 -9999 -9999 -9999 -9999 -9999 -9999 -9999 -9999
0.0319957083790869 0.0752356371136211 0.0113659416783674 0.0105424681557352 0.00189182972699233 0.00462964558117247 0.0256649828968845 -9999 -9999 -9999 -9999 8.72299524679736 0.0824723872254296 0.100866713331125 0.0278872612267398 0.00145299426410304 0.00972699903709456 0.0991466661721034 0.00103673276946492 0 0 0 0 0 0.00648814738144343 0.00130003285795411 0.00223306027664123 0 0 0 0 0 0 0 0 0 0 0 0 0 0 0 0 0 2.30187598920824e-05 0.00124995999698593 0.000124880860326543 0.000657790001027379 5.74481913782981e-06 2.46875708483193e-05 0.000121933338967756 0.00556217981595593 0.0528784966167849 -9999 -9999 -9999 -9999 -9999 -9999 -9999 -9999
0.130564723561456 0.0352033913829973 0.00307268992078305 0.009052984829378 0.0107149349233372 0.0169241137462774 0.00114030543073002 0.0298623872325025 -9999 -9999 -9999 2.10849832576665 3.1224377008573 2.67002671403088 1.28755154437425 0.00683324480756878 0.266258706410986 0.00048571293606873 0.0194696476480232 6.84285142371494e-16 0.000126348100464339 0 0 0 0 0.0293996461411999 0 0 0 0 0 0 0 0 0 0 0 0 0 0 0 0 0 0.00999767073794137 0.000281810495768868 1.04677449362479e-15 0.00390964675825589 0.00112245771318335 3.106999956673e-16 0.000598976484799301 1.09566410732669e-05 0.00772583146700512 -9999 -9999 -9999 -9999 -9999 -9999 -9999 -9999 -9999
0.0188979160940663 0.0530063379683673 0.0194014035413979 0.00504186879462695 0.00677575402618398 0.0227538349888519 0.0113284081451674 0.0212014330704648 -9999 -9999 -9999 0.0590240704028914 0.116928083809519 0.0422778570862326 0.0313811149640391 0.0511826442725349 0.020434737957365 0.00097030161219631 0.00591881020357726 1.71445493222235e-05 0 0 0.00047270557827027 0.000101515138148414 0.00052217585034979 0 0 0 0.000119631848639883 0 0 0 0 0 0 0 0 0 0 0 0 0 0 0.00372314439405176 0.000855620581891922 0.0221373836187625 0.00636808965920029 0.000646303942187327 2.81777729397973e-05 0.00218655254909739 0.234609216601364 -9999 -9999 -9999 -9999 -9999 -9999 -9999 -9999 -9999 -9999
0.00744673696260575 0.022769407084468 0.00115548536161779 0.000527546007566399 0.0116265197707249 0.0129269525573921 0.0080171169093311 0.0143408239643843 -9999 -9999 -9999 -9999 0.00453104860758898 0.0245977534447044 0.0356920818900924 1.10282090652702 0.55813421876509 0.408028382349451 0.0865051694218529 0 1.02170071106434e-06 0.000751407164025556 0.4531042446469 0.0307554749286549 0.0347763736908796 0 0 0 0 0 0 0 0 0 0 0 0 0 0 0 0 0 0 0 0.000473407315596844 0.0120290379939159 0.000617732073486189 0.000383771291817192 8.67606948304697e-05 0.101008723534593 0.321597173914252 -9999 -9999 -9999 -9999 -9999 -9999 -9999 -9999 -9999 -9999
0.0182708399974691 0.0029786461099846 0.0122618387734041 0.00229717579942213 0.00767519054123405 0.00891483849926744 0.0112643805816605 7.95343819072369 -9999 -9999 -9999 -9999 -9999 -9999 0.00876068230057228 0.270780019882902 2.23714823955738 0.0436846336754747 0.0794590068740217 0.00214039133557376 0.0290847382836185 0.0517701789046399 0.327232082422574 0.0381185256053237 0 0 0 0 0 0 0 0 0 0 0 0 0 0 0 0 0 2.46070226591582e-05 0 0 0.000489502132707566 0.00237860232781684 0.000627119857178504 0.000294741373362984 0.00694199990997231 -9999 -9999 -9999 -9999 -9999 -9999 -9999 -9999 -9999 -9999 -9999 -9999
6.93744066023716e-07 0.00101959268716291 0.00293338998256026 0.0124938895103562 0.020609272564978 0.0690240722940238 0.0897596894540822 3.85796041930832 -9999 -9999 -9999 -9999 -9999 -9999 -9999 0.118411096876388 0.684659283856711 0.497795999905003 0.00986322286885396 0.00602385941500211 0.00326800956152776 0.00486388181960239 0 0.000872574040926591 0 0 0 0 0 0 0 0 0 0 0 0 0 0 0 0 0 0 0 0 0 0.00348311261031452 5.43634875113974 6.85482965085047 0.0444262922874758 -9999 -9999 -9999 -9999 -9999 -9999 -9999 -9999 -9999 -9999 -9999 -9999
1.12053881346917e-06 0.0608909220384513 0.0134496076725593 0.462656833046289 0.437076617672952 1.52670719134914 1.76806164320367 0.101074274281585 0.620434619844828 -9999 -9999 -9999 -9999 -9999 -9999 0.131544543932737 0.0234353586311143 0.325955502057032 0.0463076390337847 0.0218721558194182 0.00124023232929908 0.0225623837299216 3.46329691866913e-05 0.0179830975463994 0 0 0 0 0 0 0 0 0 0 0.000958656653140119 0.00219183067856331 0 0 0 0 0 0 0 0.000830746485597703 0.000826753974493889 3.09647457286644e-05 0 0.0561842458081047 65.0224278725944 -9999 -9999 -9999 -9999 -9999 -9999 -9999 -9999 -9999 -9999 -9999 -9999
8.5962370535802e-05 0.0567295471140198 0.0119607813233529 0.107588091888405 0.135672760951183 0.162894627144779 0.0850314425637517 0.0844994654387655 0.0469553477695807 0.42507033880526 -9999 -9999 -9999 -9999 -9999 0.0256809837401566 0.0691407266712896 0.561036438579604 2.79873098961277 0.0768828893996772 0.00505602207100973 0.00781411738414735 0.000561642344021949 0 0 0 0 0 0 0 0 0 5.41398552940284e-06 0.000413501344112254 9.00423155743245e-05 0.000285385525250115 0.000269851241754844 5.39807687414826e-05 0 0.00205304915134861 0 0 0.00229133463432652 0.511321123824779 0.227483221325211 0 0.00234140871883961 -9999 -9999 -9999 -9999 -9999 -9999 -9999 -9999 -9999 -9999 -9999 -9999 -9999 -9999
0.000530324119792062 4.26009306417189e-05 0.116286243247275 0.25442192901567 0.166562009375642 0.0161516209259783 0.00656596855019794 0.00110440166178087 0.0362271943855953 0.277931412727731 0.0621504322844404 -9999 -9999 -9999 -9999 -9999 0.00477019076421808 0.0211234995682315 0.0107910201813405 0.25477460989541 0.162896256032218 0.213350494104977 0.0270873071316172 0.000538913288075795 0 0 4.17260874085427e-06 0.00276087906196939 0 0 0 2.73656488462204e-16 0.000170267987885164 0.000162482221723545 0.000638393990770573 0.00348490324948107 8.41932761921283e-16 0.0243095127544107 0.00330023527242721 5.13328151529666e-15 0.052533475626831 1.0380630663872 0.0143549325269952 0.0331934932549076 0.0023928523697111 0.00505413812681273 -9999 -9999 -9999 -9999 -9999 -9999 -9999 -9999 -9999 -9999 -9999 -9999 -9999 -9999 -9999
0.00022783310427953 1.38811218222074 0.00134247397191556 0.0379838089446354 0.803039944418221 0.0108355024132214 0.00414959668447439 0.00159994352105626 0.00064024817550022 0.0148975028637234 0.00198432911058879 -9999 -9999 -9999 -9999 -9999 -9999 0.00531148656374868 0.766801675448965 0.797495823716362 0.199986487882395 0.471576726857317 0.0014016068639616 3.16876231277027e-05 9.78542311113817e-07 0.000125793825217642 0 0.0313567586238857 0 0 0 1.14262882952507e-05 0.00597052143988403 0.00181157900285545 0.00383018567090902 0.000579467134390291 0.00157119271307442 0.00238018550939851 0.00382597789193855 0.00759408774219503 0.0332260565452718 2.23677451138885 0.0346090423066243 0.108432939411972 -9999 -9999 -9999 -9999 -9999 -9999 -9999 -9999 -9999 -9999 -9999 -9999 -9999 -9999 -9999 -9999 -9999
0.000123262647402128 0.00313983135617415 0.00349733904188148 3.67997947441742e-05 0.312105039265646 0.0073257210390157 0.120025308614385 0.00032105421118435 0.00857219899983094 0.0419891904777978 0.0100365068737127 6.61120042812374e-05 -9999 -9999 -9999 -9999 -9999 6.31572751631691e-11 0.604111321840926 0.795737086287237 0.445608087790284 0.123053640953355 0.0453862322917317 0.00220376898513865 4.18426926445962e-05 0 0 0.0012319482820047 0.000537601208106031 0.000948953961867362 0.0379040795391538 0.0036005655180865 0.00698241559262376 0.00274582730501685 0.00165008373641721 0.000590228361751476 0.00128434765050297 0.00102432818509609 0.00871710305056775 0.0313915253870127 0.0211445357527237 -9999 -9999 -9999 -9999 -9999 -9999 -9999 -9999 -9999 -9999 -9999 -9999 -9999 -9999 -9999 -9999 -9999 -9999 -9999 -9999
