Other/Paper Figure/Data/VanVlietFig2_maps_ERL2021/fig2b_delta_WSq_Tot_ann_global.asc
NCOLS 720 
NROWS 280 
XLLCORNER -180 
YLLCORNER -56 
CELLSIZE 0.5 
NODATA_value -9999 
[rows 186 to 216 of 280, columns 207 to 275 of 720]
0 0 0.355306372266084 0 13.0676 -9999 148.258919885765 0 8.73392311471621 12.1861591449899 0 0 0 0 5.43685586799969 0 0 0 0 46.3487905544276 17.3248568748322 0 0.870090395457333 0 0 220.771892095771 137.80142950275 0 0 0 41.7500109215216 0 0 16.9132829940113 71.15685994076 0 50.8920668042498 1.03590916398817 0 0 0 4.07114342495385 3.37770832936169 0 -9999 -9999 -9999 -9999 0 0 0 17.004846305041 0 0 0 0 0 95.9650651845582 0.807830678636608 2.18386203885519 0.0615995857967921 9.67380740690681 5.04857869336516 0.38802747943464 1.44041748629305 16.4920593270049 0 95.9024252597904 161.135719990672
153.600618969192 4.19218732140234 0 0 18.82485 81.246958288279 95.993300873748 0 7.86223336922047 0 0 0 0 0 0 0 6.57634798922844 0 1.7158809244674 71.4466543129894 31.174381446827 0 0 0 33.8650657097535 56.2940419634609 203.709312660792 0 0 0 18.2302544082701 6.84647415966813 0.662472820555224 97.1775242240276 4.90477391286088 1.76261787117527 0 2.17214829381438 161.818101424296 321.433836378667 0 0 1.33211732509621 0.808503383184486 13.1488043111214 56.299041706924 0 0 0 0 58.752514971969 464.069903728422 0 224.796386244949 0 0 0 0 1.81920763064909 1.48727134451732 0 0 137.718729944685 36.5442170376356 8.59290322195173 19.0391147196933 183.024797735482 181.05220971118 0
56.8286330504114 0 52.1006043197086 0 33.7008 0 81.6725275702943 15.7206266083383 10.1436190684099 3.68378909301668 0 0 0 3.44614475760809 0 -9999 0 0 180.100102016183 0 0 0.108785227815666 0 2.00278730021314 330.237686547352 0 472.543677538769 0 266.109781935515 0.417145611784717 0 98.232430347957 52.9934951703503 4.76420921322586 73.2945106780841 2.11298468951019 0 166.771260064841 1.24336892782564 3.9550010021356 7.99597817886814 0 99.82809223035 37.3602442051293 0.542447904025011 0 0 0 21.1048222160045 0 71.6360778989035 416.518846746368 0 0 2.08311363385384 0.618777383512376 0 32.6175134735978 44.0934899664803 0 0.952173091676667 0 0.813077626653332 186.703042731165 0.0139977432054557 22.9253822275716 39.6571606234746 166.366848794769 0
40.0632820053843 0 0 25.7175462422507 71.357134361305 51.47875 0 95.3532822343948 9.14178301896126 0 36.2450136842522 48.0147645013286 72.8936122723174 80.425099445498 269.93699412805 4.14990914704733 0.0450289188273969 0 0.0249731720767646 0 0 0 0 41.476579049882 2.70977603555168 0 0 0.12550068524859 2.69830362009352 47.2303876684709 0 0 90.3214688184464 3.42464895816573 293.549741212814 0 0 0 4.72060036580664 10.0027098229483 164.913535281059 0 4.14630961979934 1.29225311918274 4.45182785490209 0.121785270729423 0 0 97.2672270388786 33.7252717459415 11.6159031104255 0 0 0 1.22121374362479 1.11351926974259 0 13.9986626450521 0 0 2.67198306332969 3.14909349843355 4.50226705738481 203.899363786662 0 15.2291947323216 4.64637940311707 0 1063.36924528488
1.20885296328876 25.774988652274 6.45050807268027 0 194.8313 167.8828 0 0 155.493702131991 26.8070966819441 0 0 35.0399393195792 10.8289089076699 0 0 0 0 0 0 0 0 0 12.0180878661467 8.81773125209089 24.9755371701646 0.964331084067406 0.0437266647289575 303.929132125446 110.614659829022 0.0274387696223135 0 22.2448682572936 257.89261631157 263.78784183649 0 0 0 183.662504101251 9.29223206276316 16.2986553426176 0 0 15.6977412657889 50.7123695949775 0 0 0 132.27909409797 42.2615259418143 21.2308586504175 0 0 0.0066741101280588 0.426737763612319 0 113.568070997471 2.39635405207592 9.26682193201179 9.96662969562926 0 22.1169491574939 28.6776935604054 99.6873248496052 7.0643236529998 0 0 2.2936440677292 407.098981894573
11.0497882347256 6.35336860387026 52.5977472332604 3.69342441490313 303.3714 23.3335220905127 0 0 84.026917010798 0 0 0 0 21.8784696168078 0 0 0 0 0 0 266.784675539026 0 0 0.115914491562908 0 120.76698166913 0 0.136439091903184 0 0.314464901343755 64.3603400317214 76.3568360927926 88.3781240939376 0 0 0 0 1.39540220689246 0 3.31756155998793 8.90024021154483 0 6.52144814339466 1.30120867151462 82.7050968979544 0 0 0 0 0 45.2563628351068 0 0.571317997387135 1.04472940334282 2.28418585434378 0 3.69377631669269 3.93390710636392 42.6383303208765 0 0 17.5980806602436 113.85671808516 1.81854304121197 0 1.11333849923741 0 101.93678339034 239.960189265365
139.864678801249 0.671327168162113 14.0139614741887 7.22274600114093 17.6256770949117 332.947983604895 0 14.4961 44.9700901351536 0 0 0 0 0 0 0 0 -9999 0 0 0 0 0 0 0 0 232.700096294901 311.715046166037 0 0 177.180617211472 64.8205457444292 0 0.498652356613819 -9999 -9999 0.461444836610244 0 0 1.24492720892517 14.6587040259534 0 1.54990309216066 13.5570091338153 0 0 0 0.0172663335655891 31.4481681758595 0 0 0 6.23480964976662 12.5572376470953 0.165599714424733 213.122692343403 0 0.645735304408793 0 32.4835855436997 0 0 3.48037754249824 3.86235573666575 53.479769184833 4.45187007823016 0 86.2311658069769 441.901
40.294250046291 39.4579679816319 31.6890884380465 26.69054164944 131.72008550827 93.8380114518109 33.1033809700358 19.9746869850132 2.97768997482946 0.849436223091783 0 0 0 0 0 0 0 0 0 0 0 0 0 0 0 0 0 0 305.197035105217 0 93.737581557217 0 0 38.4498682247702 0 0 0 90.1454330189672 0 0 68.085824962082 0 3.41335122113896 3.26427898731908 0 -9999 0 0 41.6997381450933 1.20121288347816 0 0 0.304719055148192 1.8681900011094 17.6621352798884 195.331454576406 0 0 1.07177879861279 13.5133748118476 0 0 4.2451271451988 2.32668953672763 8.89206564587956 185.694887156882 0 158.168407399356 251.768781039549
41.4777995341942 215.805203040499 0 57.9595053808427 255.416392390674 95.4154576780094 76.2409230302499 72.9996001033961 104.807340337782 48.633866700664 0 0 0 0 6.5919149522721 1.01207828251628 -9999 0 0 0 0 0 0 3.83237686718964 0 0 12.3459456831524 0 0 0 0 0 0 0 0 0 0 0.0367160266337912 0 2.2239741196793 132.095334185826 0 0 0 49.6181417421093 0 0.0642700333593773 0 0.0740340053158119 2.7431520925839 0 0 151.516108173344 3.08520815490959 0.869142452769357 494.444633617396 0 0 0 163.375891256978 0.219311790851419 2.41729451759065 13.459880671268 0 14.1003162767586 0.23066769674899 0 17.8521034616708 3.98067109318204
22.4892220338605 34.9397989400299 511.619919566954 75.1464290331502 175.752764302594 451.673810934268 98.5392600945004 418.068848932542 884.791451027107 158.637463692491 0.106485817759794 0 0 0 162.601425445321 79.1382500974667 31.4147817317801 0 0 0.427140048860701 1.79662286118431 0 0 60.8070260135434 0 0 0 17.8338698953966 0 0 0 0 0 0 0 0 0 0 0 0 29.1418656267251 1.1064936591038 5.32147129619914 0 0 0 0 411.608626421317 0.176936777627175 30.8902299878134 1639.25604759833 0 361.861379884912 404.088318296478 0.188035716116227 0 0 0 2.47715022627061 24.3293525963285 0.388808300211585 25.0184809284812 9.65759620151267 0 208.018035509955 0 0 74.9795187717191 9.45721728546816
1.77195787105515 35.9160379396024 1.49452547596909 3.53861785091805 92.2308608650598 424.321402196676 277.037995922418 526.793693888885 584.634189578059 366.01942644364 13.4322754201078 0 53.5033274454052 9.79021363638258 10.6409907907346 0 0 0 0 52.537348071518 1.9520673234173 0.00592266107775357 0 2.04400056751956 31.6089485297424 0 0 0 6.99523155303913 0 0 0 24.0076004002958 0 4.56587183168224 0.514776323188981 0 0 0.0905181792249222 1.45330557590694 59.7075823214841 0 2.78935381872067 144.130098689742 0 0 57.9771241210523 2.45546370504629 3.48359933983261 31.5832567702897 1.95941287934322 1.90732562368759 0.950110624827286 1.02420124421465 0.43144393233216 0 3.08435212639968 66.4599179943958 35.6764350238853 46.5967607931754 91.9300664764949 1.7800407983684 17.5596708243596 0 12.4310324456524 0 16.2454413097343 186.552710047595 16.1876617232366
-9999 396.6802 58.1314309613029 24.8846923760432 10.4271941091941 42.7503149607177 8.49998072263305 16.5448828234158 10.93989772721 127.509816045677 9.39238631703677 149.823677415099 54.72293976574 1.82042557349118 0 19.1966770728749 24.6911911576095 -9999 0 100.213628041476 0 26.2457472162968 54.2298482081315 0 0 0 0 0 0 108.073020423328 11.5504645614939 0 0 5.8952103241411 0 0 6.16276499913501e-06 84.7646377042381 0.882023280565136 395.692651544887 34.7670591821829 124.496933765222 4.33199961115382 0 25.7025313442377 9.70486561443003 0 504.37105791658 28.937323595353 73.9019872368566 0 130.937658187834 3.14506180313434 0.791759356418835 105.885523691403 47.2274252153823 0.155116490679436 0.77088189546404 130.542551802384 0.381771833700349 2.12770574497153 0 26.2454289977456 4.57010160955373 16.4165170643058 0 300.075515454302 13.8572821820434 0
-9999 -9999 32.7638302253326 0.303938825420987 2.74966082812447 0 14.2336474158884 160.653568915586 26.0319359449069 41.669844093924 33.8858715490445 98.5176110548744 85.5858449341178 0 22.3865898281659 215.628736661777 134.514742613136 0 0 0.409677424393941 0 0 129.629161029452 0 0.00483742616152772 0 19.5032613117056 54.7937227151638 2.63934024190372 -9999 -9999 1.16426590227238 285.237482060001 200.880258290444 110.458719151558 50.9855126119856 21.3333225773686 175.314995697496 84.7568053107675 13.7270890262805 79.2991926679934 8.58969559883076 15.3129304003984 457.227686884323 137.642478368432 157.75217166474 93.381809893676 26.4261626998418 19.4971623763783 0 445.910996701338 282.466385141609 2.68797866973401 135.033728607087 1.50087048207336 60.4896407823716 145.117365021563 1.48986850085553 33.4649842720909 0.187114848634933 20.4643362868535 0.250783103263546 1.86315736797421 9.88244993919786 0 131.735667933785 115.052029534826 0 0
-9999 -9999 -9999 189.2439 0 7.29139302405355 3.19512782845071 0.00756464835022792 117.08890611849 12.9899888468901 4.06142306655758 0 151.1850699708 0 0 0 3.01233059629818 82.5058963829072 14.1524 2.5007072462003 -9999 0 0 13.4105 167.89705 0 0 103.328965458313 161.498546485228 4.01935326159371 99.5354533919232 0 185.853434745269 0 1.10050806234904 619.710080560543 172.538590231099 139.057028515152 34.4439670771309 39.0869471514671 32.5361624215459 24.9588281538736 0.294412491370998 0.429154833161522 0.646615872492971 6.07074155852706 235.906399864929 238.260028570768 4.73150657849119 24.8074461530558 96.7559461214367 166.281903932868 1.2690866856876 2.28951221844777 4.04863186947863 0.42939229860465 60.6521252364245 71.2710313403986 0.438247693467179 0 12.5760653533208 0.114516988156133 4.90012025903311 0 0 386.663761998378 164.212195451755 5.37202383807319 149.092942075834
-9999 -9999 -9999 -9999 -9999 135.07815 544.037125786309 623.997449341431 4.31265435523289 25.0260454644032 35.3721095516708 187.513519349051 25.4549614325844 259.784712024702 0 0 335.664359323882 6.95295235021056 63.77233916857 23.02955 0 0 0 0 0 264.856 0 0 2.52666067184234 22.4717795699944 0 0 0 8.0085454446419 507.697515928373 34.7363319257619 63.0882901331158 0.800500849890407 93.8650688184965 75.2803857306114 20.9072874391946 177.367554219174 14.0624769005833 153.948022449458 479.579565989329 1.84302312847708 22.0272134892683 9.4064398894038 5.00227901614014 117.076495149133 9.74356511698521 240.721389088558 5.8096627433891 9.28322421184148 16.0078048650082 79.4582166190397 37.2685500033844 102.791612590617 140.658570869772 77.9721815458668 0.789928273879694 9.40865207069552 0 13.0326750408751 2.98315407258883 278.518064706246 11.6445985382361 290.41825 41.0291308957497
-9999 -9999 -9999 -9999 -9999 -9999 -9999 59.6422938840405 120.463001144322 12.2568027060909 32.7997655129867 176.754553645926 0 16.33595 0.104021820076062 0 241.675465763827 259.569215349359 192.321672760721 475.210376936126 111.12582809624 0 0 0 0 0 304.62545 0.0809061577477285 0 18.6869930835698 41.9312652321634 23.2769360866075 14.7692118183448 190.875282932215 93.5679232603485 24.2076085535502 16.7942226681525 0 0 192.334474368492 0 0 10.775297359724 88.3957629096412 83.5586959602998 0 7.79355775191162 37.0603320819904 25.5471018847052 5.26815813413593 31.2773046153169 11.8796970509659 8.82001964929325 194.882152085708 237.975871084199 0 1.28471470873868 4.13940649318483 0.354468966199117 1.18588734989383 31.4516623068585 0.842538164025798 0 0 5.77948840682333 27.9822419719783 0.413832426599911 30.4478874077083 29.0934612670912
-9999 -9999 -9999 -9999 -9999 -9999 -9999 -9999 -9999 19.682719164622 1.68846970767046 22.8545278459757 6.00064431267413 0 406.16708837005 0 31.9108928795719 138.586212515532 164.978399625358 21.4704467573814 210.497919368611 0 0 0 5.71044345995055 41.8793741512872 25.0044120958757 306.05215 14.1527732339915 0 0 185.110326384679 59.7590467095696 -9999 13.0341482860152 40.7332471117325 4.97497391043988 29.3883094366407 0 0 0 0 83.6670103813577 98.2740418171401 141.937954169821 0.425005231520017 47.0964993141324 22.0922671913028 1.40734652999166 5.2779857268879 2.2013107797186 141.649037944372 72.6801618807653 98.1594130035372 104.185341907286 88.1735024997296 28.8409670710026 0.00968275229142338 106.214038657523 36.7730951232096 0 0 0.601989379662534 0 359.536718186242 24.2727622222893 288.309732013505 133.714282717625 71.6831100967263
-9999 -9999 -9999 -9999 -9999 -9999 -9999 -9999 -9999 -9999 2.83816142074787 243.964155140739 52.8455468735085 32.2185543147376 0.879370091212157 0 0 0 0 42.9371396326295 183.377494111116 10.6132748436338 207.328315958932 1.45911336690071 13.3353360424312 0.430885618579823 421.567077521949 106.037648852768 0 0.42453127848634 0 74.6545291457252 55.1536762710218 37.7826702513329 -9999 224.943324572951 315.026469474164 0 0 127.299092587518 54.1513562917122 17.6804021066258 80.3992781271147 14.5139169648111 1.09405087185192 0 15.3947788378991 4.9477280722678 51.1417419676029 56.1786818954201 0 115.541022240835 0.772198319148786 14.9903166628634 58.0967702343635 0 0.933012379778986 26.9374824120875 0 216.476909467727 117.10773742861 60.3977911299122 0 9.83713497128792 2.1505855505312 0 40.671 229.530728847731 5.70197879102199
-9999 -9999 -9999 -9999 -9999 -9999 -9999 -9999 -9999 -9999 -9999 0 20.306715655501 8.31830983916381 0 0.431323407911663 0 0 0 11.371663232518 47.1522453729323 138.527369029784 116.210056948752 161.065899806393 9.85482893513826 7.38419668459366 59.9862111671477 79.6960364778905 0 0 0 22.730693605268 0 83.9963576354534 108.918219282742 -9999 103.962512951373 0 111.649087214021 0 0 0 0 0.678833242667109 71.6281099493413 270.047710708027 15.6912429420129 0.289713209095797 100.017898878674 73.0094232940006 287.126436750311 3.58720306435131 9.30243971901359 23.7855677336419 0 0 0.919805735215305 4.22869022804676 13.6095914180326 2.00624741231657 0.848536028302177 9.92188293109794 0 5.66765124309163 16.3484281803717 0.231143739849134 45.3492752934689 434.321165505079 276.458329937701
-9999 -9999 -9999 -9999 -9999 -9999 -9999 -9999 -9999 -9999 -9999 -9999 35.7308199797897 57.9749515967911 1.15206235714901 132.390744516606 10.9422484659308 178.761011960819 0 6.02018310882069 275.016320011352 325.145029878051 73.7145100829392 108.399299220485 271.535182802936 34.8593825607301 11.1476005598862 0 0 29.5982314668487 2.57156881752697 15.1209342998146 1.72061078107346 204.753637573515 131.551333956962 39.880152539209 66.3534191675836 0 0 156.365337156784 226.449435234418 39.4786426710348 51.4780388624953 61.89772017252 21.387404787562 56.0979600102721 11.5053358594559 2.09966307347276 381.398054166336 23.2173113038507 7.03209939466119 21.0984576469373 0 0 0 3.76406016109037 8.72329106914095 0.703242169573835 4.01965100300366 213.794697424606 1.07415526155561 156.230617251555 0 9.88787382212715 31.915821243434 108.728760665348 7.09964600098831 7.84568794967094 387.688573749063
-9999 -9999 -9999 -9999 -9999 -9999 -9999 -9999 -9999 -9999 -9999 -9999 0 0 0.0161814053949656 0 0 0 0 73.1912496943579 372.459386822089 152.641310379672 267.810442296219 166.469346600589 369.348896473426 228.49035 47.4206007260646 67.7907834883593 54.5214417643351 0.0519657242440038 64.5129237621537 70.2307085807572 6.07692947585472 3.89174195447851 -9999 -9999 0 86.3406514280658 0 16.6546072532945 8.51634747479401 47.8511603324065 94.6348410403823 7.60782336379938 4.49645290827234 38.3935738552983 16.3260121942828 214.017421910754 9.47255380787426 68.0299889771562 38.8637516107992 0 3.28607189719355 51.0930496064376 111.738792477377 68.1879367601403 7.00141290307272 1.5325127695458 112.146946471425 3.56810745578796 4.04267283821321 1.16217776270317 3.34111587803744 24.1830779377362 200.107931784917 4.83624941652747 246.600918590622 116.76109632165 19.9277327149883
-9999 -9999 -9999 -9999 -9999 -9999 -9999 -9999 -9999 -9999 -9999 -9999 0 2.72582915785463 0.152333266787671 0 214.966966180246 384.9246374791 102.085584120591 64.8979 39.8552919914867 61.7798516572778 0.0455834330329629 466.400637376748 36.4629454319614 22.8883536899339 26.8818902108047 186.468133471424 9.04785896409014 0.494728591682073 53.6611443105594 5.04020016399246 -9999 0 0 63.2646666647813 0 0 0 0 0 21.9259341038056 20.7698373926443 52.5374890371285 2.8701889687282 28.634763982928 69.9684762056013 15.7583880156238 98.3126979798276 1.26522975596048 0 0 0 0 0 4.34261994521044 2.93545243672564 13.597248055447 46.3082853456002 5.22700613073851 0.853662827675046 170.491528574164 111.978614758687 166.840542159617 108.680075042532 247.895198933888 201.957582790249 137.246158111268 43.7621248707064
-9999 -9999 -9999 -9999 -9999 -9999 -9999 -9999 -9999 -9999 -9999 -9999 8.51017379073705e-06 37.9226313259102 -9999 -9999 40.0747634787383 -9999 0 1.32942838734547 4.52834319018285 177.184752994087 2.54071269188264 410.90223370817 57.8370895492035 177.434659334017 117.286893318751 3.52484581984716 8.06025787894496 0.0346500420240079 65.9835887639763 0 -9999 -9999 0 60.3627898757554 0 195.708751593321 342.80702203 15.3495923140819 0 4.11019585819408 24.9631425690344 96.3570388303364 0.384236391890375 11.435159754416 84.6893529256766 6.17602012266736 23.7080916779505 45.6681927093058 0 60.269612515177 35.3804900855729 106.489499745529 0 0 0 0 0 0 1.98161391146669 113.172804999621 15.4228069385394 66.4145866587926 181.330114778436 16.4608626020283 24.0260152764839 292.65027219891 33.0203358695076
-9999 -9999 -9999 -9999 -9999 -9999 -9999 -9999 -9999 -9999 -9999 -9999 3.73489474234483 0 0.0319591433255145 -9999 -9999 1.18213441744 15.1187811414326 116.378367804969 4.66370243232043 194.08062606001 93.4915909828337 61.3801072142429 386.321264347396 13.3833551901382 0.590315990518711 0.401369581955241 0.0451152805215271 0 23.9909971694044 -9999 -9999 0 0 29.2327362721691 0 0 353.365881513169 28.678150032231 0.679436669664007 24.6156622054138 21.2892729270283 51.0529697682683 23.6103279012534 9.63220502722631 1.27131340529782 0.873569169945954 4.97338720204728 0 0 0 31.9766827279005 39.6575964800739 245.363890297254 29.7007128920744 0 162.461670723312 11.0106035864808 0 0 0 18.888814891328 14.427161259228 18.0356265971591 40.9739311518978 18.2059370280702 37.7765105126085 21.7428675969298
-9999 -9999 -9999 -9999 -9999 -9999 -9999 -9999 -9999 -9999 -9999 -9999 2.2765583446026 0 0 -9999 -9999 0 164.001626199987 0.246642498541888 0 365.919385147536 92.2876252807626 23.9858655838323 99.7694714890337 8.10617095521315 8.0283294309605 0.285193401935181 17.2862009948856 0 0 -9999 -9999 0 2.98890029044749 101.41835 150.199242081706 0 65.3058449973111 63.1650084539527 14.5398697457987 8.96519125951754 0.270576117551413 3.36588826500548 52.0935572805988 29.3166873184565 3.6249154181611 1.51031791424992 20.8970356969073 0 31.6456251331841 43.3329545900432 0 0 17.7177589923188 19.0459517870541 0 4.43088019587282 18.9314575408002 8.58051198259638 9.85711875932263 0 0 17.5734840010811 54.4656532635272 20.8562360514325 15.3959053886206 201.377099686177 25.5288044556893
-9999 -9999 -9999 -9999 -9999 -9999 -9999 -9999 -9999 -9999 -9999 -9999 -9999 244.72815 0 0 -9999 0 215.046509793126 2.26656615672901 126.879859591829 129.908047973826 104.346764902782 233.73999773262 301.524277923672 0.0280964995779116 0 137.30005 10.0329783304266 -9999 0 0 -9999 7.70100910785121 1.71679687519697 95.2646 631.728065047633 0 154.425398957292 29.0429444475118 13.8866070028149 0 6.54884893793628 2.24138766335086 0 0 4.86232786058719 0 0 18.9232632607411 24.348159202471 76.6980667438796 94.3144506064691 25.0886447616148 0 0 27.3089904560131 1.33162020491605 3.02138715248397 53.311504689599 11.5194029803937 2.47068839553994 78.7492881015633 0.777904982295982 1.7814037024347 1.589706059499 134.214805011543 0 0
-9999 -9999 -9999 -9999 -9999 -9999 -9999 -9999 -9999 -9999 -9999 -9999 1.76931854474954 2.44456586513778 652.035384085542 0.0326642911790051 -9999 -9999 0 0 115.210468465209 136.896981061008 43.4116873917199 47.2500947764879 454.394427126644 0.0179521043747572 14.8722477694637 69.1733632635835 0.0718339516072742 1.06936128281773 2.31855832354722 154.587107880863 354.074317529014 8.34685145514838 139.039218200739 95.5686527665308 102.368559757132 0 0 7.41393569833303 0 0 1.77277827870663 16.9411053992188 8.98403226218681 0 6.26915800568256 0 0 16.1615378248839 47.3924901267187 38.1020800055806 81.8583991063166 26.447434202086 55.3927009356826 0 8.20632689832351 32.3706861975921 2.05214923840353 133.051243498527 8.64849290576415 38.1726890299411 10.0913146918922 34.9850538060275 0 0 0 23.408440355807 0
-9999 -9999 -9999 -9999 -9999 -9999 -9999 -9999 -9999 -9999 -9999 -9999 0 0 112.838724653694 0.00394035898951247 0.0254986155203859 0 -9999 74.8603455733984 356.266045021973 2.1424712509873 22.1388046138341 40.1213117537739 131.688098822401 0.512446875343398 27.6317611581091 1.1338735543766 510.6665 27.918108020578 77.9803741529517 17.5092302220388 561.30327065071 181.034531463858 43.0076905902023 38.7851688706245 4.80641361055716 0 26.6553970346213 29.101868784189 3.30334658287964 2.01161646330415 0 45.3462835408089 21.0927514094873 0 0 0 0 0 0 0 0 6.28772345689075 32.3818152555749 3.91692873602809 0 9.08095638937569 66.0087437017619 209.499801684523 7.87619780631071 10.9040887283939 42.3236686185765 0 20.3750241382683 228.26236760317 59.5788461394048 175.161813395505 10.905618184937
-9999 -9999 -9999 -9999 -9999 -9999 -9999 -9999 -9999 -9999 -9999 0 0 51.631290498542 0 0 0 1.26912737389891 0 200.816249131039 287.554483283582 11.6356092839319 7.32133200527589 3.86274039941801 27.4356482863811 0 0.19496577290041 18.3869240217883 0.668349432947664 18.5901569267548 0 0 0.0216969817587138 159.858882023039 46.8468518893751 15.548557959433 9.60114513187888 0 0 0 45.571443222423 0 0 14.0972081096207 32.2408735191209 0 0 0 0 44.9840647438782 0 14.8245103972684 0 0 0 0 6.77788974434453 22.0833681829023 77.728237674309 226.070642112922 227.353212033576 1.37733709963077 17.7058979171293 6.18347047456094 0 9.83454682233538 -9999 -9999 -9999
-9999 -9999 -9999 -9999 -9999 -9999 -9999 -9999 -9999 -9999 -9999 -9999 4.32508301827791 18.3901087508137 0 0 742.849976338648 1.71655750292401 728.03647690994 170.088995307856 57.1993211748106 0 9.66592244488884 2.1311693261864 1.16559649316736 0.00927360051208625 0 0 6.222540745454 0 307.576088858232 8.65832073422647 221.9213 0 69.3484540593907 2.73652355288525 3.22840190864993 0 0 68.2839494846539 49.358051657328 2.05912728510349 20.6501020247105 3.38424156313874 0 0 51.0986894842395 33.0162153191341 0 0 20.0920525458621 0 32.0714755783011 0.356728151167626 5.30469744097351 0.116590441578979 4.2720788980253 18.1856970752365 28.0384345251281 157.795912579843 150.051301142599 2.54209358700868 9.53802323254643 -9999 -9999 -9999 -9999 -9999 -9999
-9999 -9999 -9999 -9999 -9999 -9999 -9999 -9999 -9999 -9999 -9999 -9999 0 0 0 0 301.1813 247.988464286129 0 1457.16300294405 577.283959029041 160.27305 191.372847784103 20.3008044585506 1.08784755238028 73.7956057076869 133.261530860185 24.6339846079495 0 0 122.205372370332 0 0 101.37569178039 0.732672616563081 157.523374665416 83.811311277935 32.5334059651929 0 0 0 57.4335557519253 13.8013979330794 25.0605946199351 0 0 0 12.6961779239922 17.841545967866 10.7976398046169 16.4267882972076 0 2.37158420862237 3.02958286793424 12.3438345823853 6.89091048473768 0 6.45694029220697 4.22119455887534 0 -9999 -9999 -9999 -9999 -9999 -9999 -9999 -9999 -9999
