Other/Paper Figure/Data/VanVlietFig2_maps_ERL2021/fig2a_WSq_Tot_ann_global.asc
NCOLS 720 
NROWS 280 
XLLCORNER -180 
YLLCORNER -56 
CELLSIZE 0.5 
NODATA_value -9999 
[rows 189 to 215 of 280, columns 244 to 304 of 720]
9.45180913522049e-05 0.000380579256602823 0.00038789520331943 0.000751687093843335 0.000139022065607079 0.0165997212256002 0.00115642302062553 0.000463406460504726 0.000723723403815374 5.61893848173224e-06 0.000373410717693794 0.000447343089665869 0.00141694981230475 0.000343487092293692 6.08407428437955e-06 0.00139659915097276 0.000982419011530249 0.0241661012630354 0.00239685794438586 0.000124600155986314 0.000230887523180185 0.000219339105238462 0.000129151104221584 0.0016374353490048 0.00175484050341635 0.0122877842967379 0.0203294012534065 0.00773125834325136 0.0112146028980887 0.0141649364085625 0.000153824740369459 0.0198583545231086 0.0057879046686344 0.0569029904002266 0.123995761175568 0.54212049907365 0.111153438131072 0.158229090558124 2.04668552255432 0.38422953274942 0.438290041502494 0.276658985531341 0.0375054293712036 -9999 -9999 -9999 -9999 -9999 -9999 -9999 -9999 -9999 -9999 -9999 -9999 -9999 -9999 -9999 -9999 -9999 -9999
0.000284523635684747 0.00462759074475049 0.00119144330577032 0.00105925101096834 6.17843265202238e-05 0.000161322391821274 0.00330457491133868 0.000897210617180802 7.55415263236005e-05 3.28653086635447e-06 0.000112708776491997 0.000505510991326113 0.000966826502302624 0.000166901645249657 0.000219003940851347 0.000702682533972467 0.00198089836084559 0.0391207766530325 0.000103072027483892 0.000540947939317668 0.00145426903356505 0.00122540635739572 0.00161810038797223 0.0035990677020606 0.00377840803414674 0.00697384990003973 0.00258034999446422 0.000694648311992093 0.00019254846609843 0.000151253807875878 0.0176347294034965 0.117106899744547 1.36612460713331 0.014445649380526 0.294761112401676 0.132046015588555 0.138898546158852 0.0570351204778214 0.0471573497434449 0.0519690065850398 0.263254077501632 0.0905140049560777 -9999 -9999 -9999 -9999 -9999 -9999 -9999 -9999 -9999 -9999 -9999 -9999 -9999 -9999 -9999 -9999 -9999 -9999 -9999
0.0014689830749071 4.93137592462485e-05 0.000369249411561242 0.000579500018139632 0.00121336737974873 0.0178869972084556 0.00561756235196369 0.000816575211035033 1.11617914111699e-05 1.21097589468735e-05 1.26832864796584e-05 4.46384026723138e-05 0.000514773807071131 0.000492785108676187 0.000450408555713489 0.001053290684108 0.0145073976375414 0.0987823420176791 0.00017986364106115 0.000145870848382678 0.000270897313658644 0.000704779185786333 0.00363760046307628 0.00862150985238686 0.00657813196473878 0.00593195971550342 0.000677679282354068 0.00142404362169776 0.0234261092550885 0.000118352854881082 0.00398854295292911 0.0765235407190725 0.0405088744296764 0.110085994179303 0.165318604920058 0.0979787035270016 0.0480966452176745 0.0864882958842911 0.419000082922016 0.137933919158806 0.0127326040340642 -9999 -9999 -9999 -9999 -9999 -9999 -9999 -9999 -9999 -9999 -9999 -9999 -9999 -9999 -9999 -9999 -9999 -9999 -9999 -9999
0.000414332666328707 2.54672914681116e-05 4.57019140250233e-05 0.000328127773225362 0.00172189160789924 0.0130385002835298 0.000486731310595524 0.000134666930662555 4.19767475607475e-06 6.25531931740444e-06 9.53856570460472e-05 0.000114267780148049 0.000433325870395676 3.51047801944576e-05 0.000198616425321367 0.000322003005540664 0.0147175323594432 0.012149386137062 0.0011899590915602 8.34240723459895e-06 0.000173229377235007 0.000446140764392494 0.000461880921173512 0.00757702936553826 0.0160996135272036 0.00597357278557417 0.0086051742274355 0.0410992155271517 0.0162213221072462 0.000149520098094457 0.00592142314133054 0.0323752611971572 0.0334384497567872 0.0541855198878903 0.173390719837507 0.0715585375856562 0.0396049686485554 0.121456863164908 0.856487579727862 0.093549323935242 0.00502058371748108 -9999 -9999 -9999 -9999 -9999 -9999 -9999 -9999 -9999 -9999 -9999 -9999 -9999 -9999 -9999 -9999 -9999 -9999 -9999 -9999
2.66664473309448e-05 0.00027357999345115 0.000181448724220285 0.00208537071849698 0.00159832199464969 0.00158351795695181 9.26119681058672e-05 6.78027591020524e-07 0 3.4415524242917e-06 1.31292914000236e-05 0.000665264296201601 0.000678642401402852 2.29089567442045e-05 1.2290907312265e-05 0.00050907013596124 0.00692516629426142 0.000518363167607174 0.00173124031064477 2.01662090842853e-05 0.000119734071167624 0.000355877444873645 0.00576614042215466 0.00858632146464683 0.00849011125328678 0.00228558302641424 0.00913160515120722 0.0195958430491928 0.0686408223294345 0.000151409988034788 0.0219757560454866 0.0266552759591008 0.0211994334432509 0.0120410964266275 0.0124664343975536 0.0123444855528012 0.00790532381959664 0.0173247253072536 0.0212786048259674 0.512296487014751 -9999 -9999 -9999 -9999 -9999 -9999 -9999 -9999 -9999 -9999 -9999 -9999 -9999 -9999 -9999 -9999 -9999 -9999 -9999 -9999 -9999
0.00402667167373223 0.000940756635637414 0.000994737859007319 0.00381569772786805 0.00131073888341879 0.00280981651746063 7.6224869447904e-05 1.12710893092164e-05 5.78451175479065e-05 0.000354157865750572 4.73668434942579e-05 0.00120203910071589 0.000478695153767606 1.1082934628562e-05 1.04780296166558e-05 0.0116907467603806 0.00371676857576076 0.00708414435365479 0.0120894543162091 0.000111227914032871 4.03956697651239e-05 0.000157178610726926 0.0147139148991137 0.010862508318135 0.00543148627177664 0.00123007095226024 0.00460545249059799 0.00670669031694257 0.00410736818282967 0.000346247354050105 0.0200609948475822 0.0380248714188567 0.0207303411025077 0.0191830803927885 0.00817569370236412 0.0542625030840142 0.0572648470528233 0.0110588068412364 0.0342064001129593 -9999 -9999 -9999 -9999 -9999 -9999 -9999 -9999 -9999 -9999 -9999 -9999 -9999 -9999 -9999 -9999 -9999 -9999 -9999 -9999 -9999 -9999
0.00751443973627287 0.000557222164726174 0.000725804370638541 0.00261826213945199 0.00204872498233252 0.000154361651692696 0.000276823978926528 0.000314900485195298 0.000320660417321211 8.06094455558602e-05 0.00198514592297784 0.00614094482606196 4.56534531917972e-05 0.000108028026285963 7.98343520831389e-06 0.00155348848734686 0.00219093135244973 0.0101504921230289 0.00327160042050821 0.000338274244059728 0.00169375055842821 0.0046747046792076 0.00401085013197146 0.0067247915939396 0.00496532108107537 0.00284138738535164 0.00318577050417164 0.00781664052382599 0.000129586681397183 0.000406467790518541 0.0399786273450357 0.0370452789668572 0.0263709617363651 0.0608350683058871 0.00512737964389772 0.0119930214013364 0.0603594937139269 0.0125854393193252 0.00461827651568968 -9999 -9999 -9999 -9999 -9999 -9999 -9999 -9999 -9999 -9999 -9999 -9999 -9999 -9999 -9999 -9999 -9999 -9999 -9999 -9999 -9999 -9999
0.00684206283462948 0.000507573814886986 0.0114159066198514 0.00654649637351646 0.000406360652754345 0.000618133782150539 0.000335980084213422 0.00354529808155221 0.000108303369068188 0.000353095412439836 0.000673040345102976 0.00674297040102878 1.9474651564489e-05 0.000341066439052427 2.02320297619678e-05 0.00221945343449098 0.00732433250976245 0.0116443461873759 0.000312245897183618 0.0057568403720486 0.000914042559858872 0.000875582142143383 0.00376796511189053 0.0417441626164918 0.00112025797597297 0.00241246654180343 0.00243378542930907 0.0070575908364322 0.00037668374558152 0.0192065242563981 0.189519532588824 0.0389977765096235 0.0667884315478757 0.0100397138452811 0.066229676171902 0.405647799633623 0.00856383552698197 0.00309713263826403 0.0010269085150314 -9999 -9999 -9999 -9999 -9999 -9999 -9999 -9999 -9999 -9999 -9999 -9999 -9999 -9999 -9999 -9999 -9999 -9999 -9999 -9999 -9999 -9999
0.00441803378870727 0.011671755537543 0.00324438699115982 0.00194219107674551 0.000285278668995119 0.000494485082457187 0.000848559450404788 0.00124797702174601 0.000261539800796202 0.000743156778261218 0.00431584911306975 0.000876076315267329 6.44307918960563e-05 2.77992560127251e-05 0.00426908539246871 0.000549374933052266 0.0147663354892418 0.0050869981292403 0.00114554155971227 0.000976883564815598 0.00169920416286605 0.00273460702864786 0.00647318966965827 0.0085154187789179 0.00428327383752504 0.00147088987815714 0.00119009895633963 0.0241011178342682 0.00043021756836564 0.0242081463623698 0.0463628357298212 0.0323503935720463 0.0452936391126382 0.0916017624676913 0.515290277268383 0.121522456641504 0.0870875721131147 0.0497900996250099 -9999 -9999 -9999 -9999 -9999 -9999 -9999 -9999 -9999 -9999 -9999 -9999 -9999 -9999 -9999 -9999 -9999 -9999 -9999 -9999 -9999 -9999 -9999
0.000919189561948448 0.00344878689110323 0.00135692734369115 0.00249624926024149 0.0156859392319885 0.00110582862780244 0.00227138528630606 0.0016819446612947 0.000255326230014125 0.000201228779089733 0.000156774013085057 0.00212357912771606 2.60289563457376e-05 0.0026967054571561 0.00750487424030097 0.00537111060974721 0.0319795726759707 0.0539936812258156 0.000727076558992138 0.00574278538180312 0.017619252686625 0.0105356340459295 0.0140494136987005 0.0017458632134719 0.00391882602323048 0.0090952455310428 0.00474121090972494 0.000367734162025007 0.0328432649760621 0.00706604785030345 0.0378176697090746 0.0263672504405006 0.0224854830540036 0.00696062798239459 0.00572005718685763 0.00904701391017731 0.044769672603905 0.0254728020662062 0.00222731298482548 -9999 -9999 -9999 -9999 -9999 -9999 -9999 -9999 -9999 -9999 -9999 -9999 -9999 -9999 -9999 -9999 -9999 -9999 -9999 -9999 -9999 -9999
0.000396890915222514 0.00149517237345944 0.00182619028793858 0.0283575812702838 0.0473598538870585 0.0161003646930721 0.0182098922292291 0.0215924474421632 0.000456128200209202 0.000778982371351901 0.00134401288584033 0.0022667583850972 0.000180286201489788 0.00597768557215931 0.0235017905095596 0.0125789209299994 0.0235344932461356 0.0179459850850231 0.0143196312190767 0.374414109194378 0.847020375250572 0.0353740753664094 0.00483084499859508 0.00726198080844739 0.00136633931492083 0.00839663635329794 0.000202866320430708 0.000380984122468295 0.0303239614990561 0.0567744896485221 0.0539897970362996 0.0695557304926508 0.0076646371522636 0.069584205900715 0.0323167759787252 0.0916762771686968 0.00563864722960687 0.00152316334546493 0.00161533812726284 -9999 -9999 -9999 -9999 -9999 -9999 -9999 -9999 -9999 -9999 -9999 -9999 -9999 -9999 -9999 -9999 -9999 -9999 -9999 -9999 -9999 -9999
0.00149604267069032 0.00169220738052559 0.00239548241165977 4.40951431080969e-05 0.000294941498160006 0.00126899696155149 0.040050210629611 0.00361165225738387 0.00581254117047011 0.000958255490920802 0.000833019859847612 0.0089728269483312 0.00801666147671109 0.0376219527383189 0.00827841689963861 0.0192480168716562 0.0606772167462131 0.0669440999086734 0.0817773138291523 0.0163463341185124 0.0836265740980774 0.00662009776128247 0.027568218033141 0.010004447298729 0.000790266570288568 3.0316257038908e-05 0.0149041918017736 0.0361696960793468 0.0480713734248164 0.00929435089074935 0.0285017672447659 0.0717896151920148 0.0311005609393935 0.0109353310459611 0.00381238296621286 0.000862820321172608 0.00326833502635668 0.00574589918655065 0.00399687684788718 -9999 -9999 -9999 -9999 -9999 -9999 -9999 -9999 -9999 -9999 -9999 -9999 -9999 -9999 -9999 -9999 -9999 -9999 -9999 -9999 -9999 -9999
3.41521367362325e-05 2.06918607550028e-05 7.9110625304996e-05 3.04232493259251e-05 2.33498902276971e-05 6.30348286769208e-05 0.0012054118316077 0.0030140025217392 0.00562954026837343 0.00174724208874659 0.000537034899053766 0.00159242988705901 0.0117065914991753 0.00425158721015516 0.0128848145551042 0.066990828674851 0.075267526522714 0.914801994145867 0.0197736646485436 0.00780015247030791 0.00188148681901025 0.00205185073769439 0.0117605448137552 0.00218024597082578 0.0180409187657218 7.14503463381554e-05 0.000111303115222269 0.0148431083196215 0.267378899113217 0.00583194246791702 0.00114664854370707 0.00457310290931872 0.00228464463327459 0.00260922297139832 0.0332539174071638 0.0105610069733581 0.0154172459130892 0.0199220350897724 -9999 -9999 -9999 -9999 -9999 -9999 -9999 -9999 -9999 -9999 -9999 -9999 -9999 -9999 -9999 -9999 -9999 -9999 -9999 -9999 -9999 -9999 -9999
0.000217449254770907 5.38455501193074e-06 1.17059748985253e-05 2.49494610620932e-05 4.94143424009956e-05 0.000101967769796964 0.000470965478128078 0.000968380303001171 0.00498987107014397 0.00929291646822178 0.00264613781069655 0.000783926038719459 0.00297754377977235 0.00470901053633911 0.0244118753386881 0.0617548128684734 0.0133075552789761 0.00794623553974783 0.00858054791329987 0.00368025046421529 0.0119566920588331 0.00387134989155258 0.0270468362414095 0.00135329692039275 0.000320112058008348 0.00279547773575906 0.000654503045092402 0.0163862332711661 0.0297372014504796 0.0033515190807235 0.0333067813574946 0.0174180696942278 0.0805029866631093 0.0396323320903468 0.0187035353153145 0.0403748863090583 0.0501308890508769 0.0119958479454743 -9999 -9999 -9999 -9999 -9999 -9999 -9999 -9999 -9999 -9999 -9999 -9999 -9999 -9999 -9999 -9999 -9999 -9999 -9999 -9999 -9999 -9999 -9999
1.14383640315817e-07 1.21661759275614e-06 0.00108212432843017 0.00090630579093588 0.00110712166734765 0.000312972174305586 0.0151622269636841 0.0117785565114023 0.00480175053141754 0.00185816963530761 0.0189814369189244 0.00257566701365898 0.0208252424888629 0.0170068361770537 0.156687185457159 0.00677384399169746 0.020046734185388 0.00986872446916055 0.00263793573871002 0.0207736561147778 0.00405499452698202 0.0275689916479771 0.0144051722422004 0.0295567111085158 0.00242242366524402 4.48293824696987e-05 0.00161600722877519 0.00829121260448987 0.00259721583602646 0.015283677880643 0.0829828227293153 0.0538112212874905 0.205255186801465 0.124075445308494 0.0152713624839434 0.0263097643634232 0.0503509379999539 0.00957153855467207 -9999 -9999 -9999 -9999 -9999 -9999 -9999 -9999 -9999 -9999 -9999 -9999 -9999 -9999 -9999 -9999 -9999 -9999 -9999 -9999 -9999 -9999 -9999
1.107634098913e-07 2.449086722621e-06 2.59607958419984e-05 2.41366334163638e-05 5.82305548471511e-05 9.06800142726833e-05 0.00159342282697798 0.000654411897546484 0.00184214981381614 0.000952809515126645 0.0079939199981719 0.000552837361870818 0.00133774587913081 0.00432984222096204 0.00781093703283831 0.00403420298205871 0.00858515280007153 0.00109085026473029 0.000275559364936682 0.00111801243721066 0.00148714022196844 0.00895419389163097 0.0020435322183392 0.00963114865657922 0.00533444508492045 0.000315413610192887 0.0043217974855018 0.00238187678061128 0.0266896852845907 0.0140152169601349 0.0370229987436079 0.0216523715001271 0.0785279604036024 0.0286004466851905 0.0620627257364234 0.0451911409608965 0.0105115701394863 -9999 -9999 -9999 -9999 -9999 -9999 -9999 -9999 -9999 -9999 -9999 -9999 -9999 -9999 -9999 -9999 -9999 -9999 -9999 -9999 -9999 -9999 -9999 -9999
0.000126445128505894 1.13744476312378e-05 0.000246335814380669 0.000676795896674641 0.000671795817552438 0.000583658921925038 0.00516839872741599 0.00262140827574263 0.00108010299030273 0.00713404283230942 0.0113447180476101 0.00307740484312299 0.00344345980906025 0.00233143355219685 0.00531551344410263 0.000113419191281652 0.000364599282096173 0.00198631414912618 0.0613957950921927 0.0241551265585327 0.0525229389048769 0.0428250703732889 0.0502085472791108 0.0276316636452782 0.00655505533914132 0.000519703732065305 0.00754166046064156 0.00564466855690264 0.0150206064384708 0.0281744645678226 0.0473005572569102 0.0160773141223281 0.00972968913718088 0.129233154761845 0.295550293420425 0.0356988679282501 0.0196908697783409 -9999 -9999 -9999 -9999 -9999 -9999 -9999 -9999 -9999 -9999 -9999 -9999 -9999 -9999 -9999 -9999 -9999 -9999 -9999 -9999 -9999 -9999 -9999 -9999
0.0330428786605857 4.18370557189508e-06 6.58037988872835e-05 8.68948200238359e-05 0.000305291151514194 0.000304196918274578 0.0166465360154479 0.00490226122173272 0.000992586898305273 0.00142183499910078 0.00104597597412697 0.00161581995660615 0.0161685126130551 0.00220026494270443 3.4149250655941e-05 0.0406928940036161 0.00408617502005653 0.00452620812751932 0.0242863327565166 0.0195755710288376 0.00406609622183672 0.0109476340211659 0.0108871620007435 0.0152226236904726 0.0120359317619654 0.00308738335352757 0.00393876399727363 0.219435931360636 0.00215390160306025 0.0340867741948051 0.143418236761091 0.00631114103189453 0.099266335380489 0.00230583108114256 0.00818224356005168 0.00325296742710768 0.00115650819298285 -9999 -9999 -9999 -9999 -9999 -9999 -9999 -9999 -9999 -9999 -9999 -9999 -9999 -9999 -9999 -9999 -9999 -9999 -9999 -9999 -9999 -9999 -9999 -9999
1.68058700900965e-06 5.81756806577789e-06 0.000591860102535292 4.94333084149694e-05 5.71758983774e-05 0.000463010154330381 0.00134598953333235 0.00957983470975038 0.00107901220340429 0.000128365819629241 0.000415300974251049 0.000537621419407808 0.0121981321428256 0.000297969642786855 0.000110184282217663 0.000696579202588158 0.000109194905050852 0.000464604431989986 0.0318008740008908 0.0252661702991192 0.136931105324533 0.00892521739205031 0.0276453225751418 0.0146034308031235 0.0330253388483186 0.0153501858522448 0.131050359659247 0.141222120648145 0.691323281099781 0.208410877050641 0.0252076401775621 0.0496976144393725 0.06533886331944 0.0692620230327626 0.017527144607253 0.0530562879647518 0.00366733478816963 -9999 -9999 -9999 -9999 -9999 -9999 -9999 -9999 -9999 -9999 -9999 -9999 -9999 -9999 -9999 -9999 -9999 -9999 -9999 -9999 -9999 -9999 -9999 -9999
0.000364381498444122 0.000632078344289506 0.00328351564378474 0.00461129051180736 0.00195654894525734 0.000882517867580438 0.20003733891097 0.00418642802850272 0.00186582418436916 0.000148085705158769 0.00350304291442299 0.000488638148739743 0.000620831518117884 0.000137366531553321 0.0828245782830668 0.10146605065436 0.0738760771072448 0.00139753009789079 0.0021185318603456 0.00395546614144439 0.00155158984377496 0.000701079721433104 3.70316586892048e-05 0.00745783288653366 0.0693957773356506 0.0571149918629903 0.176310697156732 0.052034137639015 0.0667918099174011 0.0380736774586863 0.0365242901162118 0.0790263816775105 0.0598009641970953 0.0725241796500652 0.0175825696945728 0.429067101263354 -9999 -9999 -9999 -9999 -9999 -9999 -9999 -9999 -9999 -9999 -9999 -9999 -9999 -9999 -9999 -9999 -9999 -9999 -9999 -9999 -9999 -9999 -9999 -9999 -9999
1.69924264399546e-06 6.54173901562178e-05 0.00807235322887762 0.00124094002575846 0.00322722117989297 0.00545605488323425 0.0865209908431643 0.00443061092217074 0.000115429481936019 0.00065008106002051 0.00886341199349852 0.000930195569017487 0.000130875689288158 0.00152561983418287 0.00239105012485546 0.0867109435570175 0.0810849508862869 0.269901341961386 0.090719276920251 0.0104916063063263 0.0944662386700423 0.0998943619819409 0.0013887892794695 0.000869556685219736 0.00228411433947147 0.0355866185390477 0.0277832081813135 0.012862535059524 0.0854769400665932 0.010538008494959 0.0760598363903107 0.0479801840340284 0.0936721630661445 0.170402346968524 0.0706075379381017 -9999 -9999 -9999 -9999 -9999 -9999 -9999 -9999 -9999 -9999 -9999 -9999 -9999 -9999 -9999 -9999 -9999 -9999 -9999 -9999 -9999 -9999 -9999 -9999 -9999 -9999
3.2781914924198e-06 0.000247217710534058 0.00206862938976841 0.00473359553251293 0.00583102177578567 0.00322210700039265 0.0106201544323175 0.00536465532716074 0.00116140233869897 3.71214167298524e-05 0.0254573620486492 0.0676274743121991 0.000209696654209796 0.0305473742230798 0.0752391544159019 0.00581294745094763 0.00310169159824702 0.116954833337774 0.108176152161014 0.0284851388159745 0.0590215189823923 0.0161369468739287 0.0680002186223726 0.0220207150017327 0.0111122481185248 0.00585379783037708 0.00435441867706897 0.0156228903923489 0.0644116281501002 0.0384385519887642 0.1568679355981 0.0351571907037137 0.171814070472797 0.0345707297632199 0.0624693774869367 -9999 -9999 -9999 -9999 -9999 -9999 -9999 -9999 -9999 -9999 -9999 -9999 -9999 -9999 -9999 -9999 -9999 -9999 -9999 -9999 -9999 -9999 -9999 -9999 -9999 -9999
3.56651527085252e-05 0.000405204880423425 0.000372287279566661 0.00457381238080633 0.00970119922665655 0.00976220205430379 0.00917045076221019 0.00180350143277602 0.000524546072539418 0.000820354773108185 7.31115100224835e-05 7.98735508783328e-05 0.00874392805164805 0.016716511565738 0.0491559809936853 0.0975829473437602 0.173319675662138 0.00164711236346635 0.00354703429700607 0.220148916031774 0.0196744944818777 0.066938011264722 0.131145707682771 0.0223483455428679 0.0262198887484115 0.0590387870371871 0.0099337797175821 0.0101944491557105 0.0102680555072478 0.369596339809125 0.00239236834762504 0.00230997619278205 0.00119585298201102 0.0108470326028358 -9999 -9999 -9999 -9999 -9999 -9999 -9999 -9999 -9999 -9999 -9999 -9999 -9999 -9999 -9999 -9999 -9999 -9999 -9999 -9999 -9999 -9999 -9999 -9999 -9999 -9999 -9999
2.51596149703045e-05 2.19450530278559e-05 0.00106724208948063 0.000416712438075392 0.0131258745525781 0.00804351432678141 0.0225422607488609 0.00373413071787042 0.00126716575111417 0.0344009514113017 5.20247734716457e-05 5.29408790688663e-05 0.0386586685051757 0.182468981222865 0.029334881686068 0.0253738169188019 0.15344078365081 0.258881295366344 0.0122562588175981 0.0374005752739933 0.201093632006928 0.0408114101066723 0.132295744127741 0.0446435160867327 0.058732918760184 0.0687825736635642 0.0239481025850314 0.00737614451629212 0.0199154759577056 0.00816151872998272 0.148032078184033 0.0254877635038056 0.324116317017804 0.0569001968501529 -9999 -9999 -9999 -9999 -9999 -9999 -9999 -9999 -9999 -9999 -9999 -9999 -9999 -9999 -9999 -9999 -9999 -9999 -9999 -9999 -9999 -9999 -9999 -9999 -9999 -9999 -9999
1.2175651477562e-06 5.35587729127931e-05 0.00041257661059433 0.000554482658352539 0.0095706883316249 0.00390362663966965 0.00522471815494044 0.00157792212880557 6.28146079320624e-06 6.94249927089026e-05 0.000363372855228283 0.00029980740287368 0.000427692263613415 0.000555879862882326 0.0016332720847993 0.00233078207403226 0.0226805411385879 0.0196056851415364 0.158927134250475 0.00310712069044189 0.0329371468841135 0.224357148477768 0.149169506564755 0.0209845298045615 0.053644616453739 0.0365220177939116 0.00530356937035757 0.181538112962455 2.06962405751379 5.04383080280357 0.504625649821895 0.105701956637703 -9999 -9999 -9999 -9999 -9999 -9999 -9999 -9999 -9999 -9999 -9999 -9999 -9999 -9999 -9999 -9999 -9999 -9999 -9999 -9999 -9999 -9999 -9999 -9999 -9999 -9999 -9999 -9999 -9999
4.22681702561713e-07 0.000790462697035766 0.000217313114137075 0.000242702218247511 0.00209148347557142 0.00867924769332833 0.000637128076812971 0.00391424278927289 1.49593351169803e-05 0.000870130054662508 0.000564387263179257 0.00395622966292932 0.146534036200865 0.0158518935444725 0.00516099787086179 0.0146836029849077 0.00323708126767924 0.00594902778142594 0.00701109349611424 0.0307909931147999 0.0191192749275316 0.0755454697101392 2.22512789461335 0.440332134158875 0.0625357404423276 0.02635050498351 0.0571316143199814 0.318521593124632 0.386086223521841 -9999 -9999 -9999 -9999 -9999 -9999 -9999 -9999 -9999 -9999 -9999 -9999 -9999 -9999 -9999 -9999 -9999 -9999 -9999 -9999 -9999 -9999 -9999 -9999 -9999 -9999 -9999 -9999 -9999 -9999 -9999 -9999
3.88286917413521e-06 3.12187495864561e-06 0.000428588152611781 0.000496539057676801 0.000299589650905916 0.00417121046865282 0.00163427140387532 3.23323751050792e-05 5.9778844622422e-05 0.0317170611431271 0.0170497384820369 0.0015246381472216 0.00238757295476312 0.0264414957482852 0.00039274377274945 0.0106393348747106 0.0101355671781484 0.0362691355885957 0.0137721430246067 0.0167759517860272 0.0409580687027098 0.0884512046977313 2.54607269093556 0.469476198802377 0.0400348036973624 0.103889834753998 -9999 -9999 -9999 -9999 -9999 -9999 -9999 -9999 -9999 -9999 -9999 -9999 -9999 -9999 -9999 -9999 -9999 -9999 -9999 -9999 -9999 -9999 -9999 -9999 -9999 -9999 -9999 -9999 -9999 -9999 -9999 -9999 -9999 -9999 -9999
