Other/Paper Figure/Data/VanVlietFig2_maps_ERL2021/fig2a_WSq_Tot_ann_global.asc
NCOLS 720 
NROWS 280 
XLLCORNER -180 
YLLCORNER -56 
CELLSIZE 0.5 
NODATA_value -9999 
[rows 81 to 107 of 280, columns 366 to 426 of 720]
1.02637868165056 0.346414548173305 0.124884213032244 0.00172290118282007 5.17598341786162 4.6759002238902 0.957930649464195 0.353876597152018 -9999 -9999 -9999 -9999 -9999 -9999 1.19395135832964 1.24793928892309 1.30761258088919 2.25500565138363 1.54694036696441 1.19028363236767 2.38622076288074 7.94337167847258 -9999 -9999 -9999 -9999 0.110426797441643 0.0115174670233098 0.0789020214360209 0.168907447599707 0.00807676878331591 0.000363586609996997 0.142349511754361 0.151612648487895 0.204354790130166 0.555710079559426 0.384194463483785 0.710701838340656 0.330964998533139 0.519014508205426 1.28060708658228 1.26610846988347 0.367725360421676 1.51580727455673 1.55201561736283 1.46771956190724 2.37372961552149 2.21691735151586 0.614095930601272 4.20527644791108 0.628735812213723 0.311422266300378 -9999 -9999 -9999 -9999 -9999 -9999 -9999 -9999 -9999
0.162847819874807 -9999 -9999 -9999 -9999 -9999 -9999 -9999 -9999 -9999 -9999 0.603883133599376 2.66425202870208 -9999 3.77034484676729 5.06176551458369 0.893821422437166 1.04768678939866 0.353206200335535 0.982266077937363 0.0542505972057798 1.59548203955047 10.6473844728275 -9999 -9999 -9999 -9999 2.04766613672155 0.420870146596646 0.0399343920446277 0.152447780978754 0.0014688449345635 0.0989067969150927 0.155574162529786 0.185644452249864 0.150688381585912 6.65297596369916 4.07721127481288 0.607806897498666 0.408552264231909 4.20102002855534 1.73644191796836 0.541552709099889 0.42144235915544 1.34426547300051 0.0973172370191985 1.30260617643821 0.860836576376132 7.27575817897095 4.16310408388504 -9999 -9999 -9999 -9999 -9999 -9999 -9999 -9999 -9999 -9999 -9999
0.0679788193824441 -9999 -9999 -9999 -9999 -9999 -9999 -9999 -9999 -9999 -9999 0.143412616001877 0.21450200977755 0.186773229897247 -9999 -9999 0.400091591739184 2.11762655420868 0.169291120638965 0.353910704680206 1.37517093306235 1.9033317161534 3.79175710358422 1.46481965405424 -9999 -9999 -9999 -9999 -9999 -9999 0.0867894127977647 0.0413060038819767 0.0170870119537958 0.00759301745868035 0.0293784497731879 0.121814177106051 1.73248408704531 1.83446744663981 0.0484898932814585 0.248826721236267 0.485098898813435 0.589246055543047 0.617237317519748 0.602051509365871 0.0807502902487402 0.570659462537108 1.20091441153178 0.124519571105559 1.9709373579074 0.907078447370026 -9999 -9999 -9999 -9999 -9999 -9999 -9999 -9999 -9999 -9999 -9999
2.54962885526082 -9999 -9999 -9999 -9999 -9999 -9999 -9999 -9999 -9999 -9999 0.139688812341525 0.487829218932218 -9999 -9999 -9999 -9999 -9999 1.60181140766441 27.8230179404183 1.15812807545552 0.312878422156884 0.115556239071045 0.549709434345682 1.54112494137446 2.45233919674573 0.31885691030916 -9999 -9999 -9999 -9999 -9999 0.011890562629106 0.386303190085322 0.127368296887961 0.028135201306781 0.00858471700384491 0.0187450840883871 0.103859081453949 0.0513791990260323 0.24123947017357 0.607927458551763 0.106172024742287 1.86238648755555 0.717679067340728 0.553442483949107 0.0805987866989043 0.0388978140212491 0.179016023822468 0.591255042339935 0.954981989250922 -9999 -9999 -9999 -9999 -9999 -9999 -9999 0.0389170703516323 0.0331529832493284 0.0128848843647792
-9999 -9999 -9999 -9999 -9999 -9999 -9999 -9999 -9999 -9999 0 0.852273487337942 0.228129849962628 3.08993641421753 -9999 -9999 -9999 -9999 -9999 7.94400446482084 2.0249809725048 2.02375109499163 2.7649215201212 2.42428812551268 2.01336378604869 6.28894690872612 8.26780296651072 16.6881866918867 30.3630240409354 -9999 -9999 -9999 1.83649001307429 0.771003537442899 0.156638247794909 0.0208458808704758 0.190303606050477 0.0590069455828998 0.00798262303171522 0.0292230517501241 0.171291784465197 0.989769135810431 0.133877417788127 0.119009198899975 0.765297319973888 0.352620970595646 0.0227326194067464 0.367102915845469 0.693690657994386 1.6838555204773 1.19929247648393 12.0009241210412 3.35186071527926 0.383523721988721 0.169431360299007 0.0538199812937763 1.62644312294667 0.384249413883212 0.0385977629455185 0.0764700441289857 0.0164933706802355
-9999 -9999 -9999 -9999 -9999 -9999 -9999 -9999 -9999 -9999 2.51244722942944 1.80398598551859 0.366834530388384 0.644521316899201 -9999 -9999 -9999 -9999 -9999 -9999 -9999 -9999 36.6663447236646 8.03528678698222 2.80695478418968 3.01319144151345 1.29926232268617 3.60945904279758 7.32801363475071 25.4768994157022 3.04045705098218 -9999 0.191096618685988 0.352315612634765 0.337496121870511 0.508680941696529 0.0957825621834133 0.162293569962749 0.485665656988973 0.330067606305695 0.520102217986844 0.0243861709817828 1.51160641104419 0.325782916717767 0.239477858898802 1.06350300994431 0.0166015867846771 1.36871482205745 0.308565758482075 0.554980406367561 -9999 16.5254937459766 3.00077825029321 1.52613961026818 0.0853116564677503 0.41633416387847 0.819007265153436 0.488122276026292 0.12928395427351 0.0847508451747528 0.105832335297887
-9999 -9999 -9999 -9999 -9999 -9999 -9999 -9999 -9999 -9999 0.0730330616501185 0.157078297058491 0.315627280768809 0.114054862708375 -9999 -9999 -9999 -9999 -9999 -9999 -9999 -9999 -9999 -9999 0.141799044055057 1.18438812441454 0.656280129761842 0.746868822876788 35.0380630316967 3.56892041140237 2.90252044477594 0 9.76706321960163 0.0172777034501295 0.0339455315301446 0.0302974650311955 0.457786376313423 0.107717878874799 0.0625508436589212 0.1130220547842 0.0868027137610432 0.503708610954337 0.06770496703406 -9999 -9999 0.161598192589785 1.96222918269469 1.35136806632342 2.41854607202169 0.664348572301898 0.0747834068128801 0.227043501646024 3.19677505362967 0.378813886628768 0.023482745578516 0.00793269548538635 0.0183537387303714 0.233978341558892 0.543241902600295 1.37316820761076 0.149530659365834
4.28205235439073 3.14692841189762 1.73638590336959 -9999 -9999 -9999 -9999 -9999 -9999 -9999 0.829258902807276 4.75620215058245 0.101860475691951 0.629111180058328 -9999 -9999 -9999 -9999 -9999 -9999 -9999 -9999 -9999 -9999 -9999 0.287012022694056 2.06987508213641 1.76389213005834 -9999 -9999 4.34165429776371 -9999 -9999 1.1861652480284 0.126258089703522 0.16617598092418 0.0390525012101212 0.855743661027719 0.32645528062581 0.0631973389243565 1.08303489339876 0.660474755553417 -9999 -9999 1.47430984760521 -9999 0.566405298894768 0.511297688345505 1.08618891854084 1.27392867780126 0.0948433714223974 0.049768379995887 0.0926491929646743 0.178868839697443 0.21814382267659 0.744982298348989 0.131131434794187 0.0308346990929405 0.511861626945813 8.44308394131295 0.0310879042160801
1.78383770073823 -9999 -9999 -9999 -9999 -9999 -9999 -9999 -9999 -9999 1.73267119775434 9.86224308537733 23.761692375281 0.0169681773597706 -9999 -9999 -9999 -9999 -9999 -9999 -9999 -9999 -9999 -9999 -9999 -9999 2.06969339821402 0.785824356686079 1.90033542606015 -9999 -9999 -9999 -9999 2.34490532634203 0.128781119267264 0.132783160500044 0.0149696209539514 0.131854779798404 0.364654259810677 0.549598499216797 0.0866014236766061 0.143993017205644 -9999 -9999 -9999 0.171389605391217 0.611697679511578 1.03713167622697 0.48561553923658 0.155838203250178 0.0632224717398196 0.286374762702151 0.608948991845093 1.00039374768669 0.535959107106284 0.119793955219058 0.160613357914668 0.0385897755490689 0.0805734810200548 0.423940021015268 0.0411288205052882
-9999 -9999 -9999 -9999 -9999 -9999 -9999 -9999 -9999 -9999 -9999 0.0906799838233446 -9999 -9999 -9999 -9999 -9999 -9999 -9999 -9999 -9999 -9999 -9999 -9999 -9999 8.83702513535736 9.68626408890177 4.52717096722852 9.24998577641025 -9999 -9999 -9999 -9999 -9999 -9999 0.738474011571854 0.161179638607493 0.0458806802176405 0.0934649066033884 0.16256298758385 0.44937211084951 0.929312334606376 0.505872763254094 0.225014392726958 -9999 0.21407153276979 0.264742177516387 0.152967090686628 0.0813538095240802 0.0736088094549497 0.03665869647245 0.0427221744882014 0.322320343425707 0.543625965931827 0.834656742704293 0.598912956007994 0.326618849901517 0.0576182822726665 0.730091164589899 0.390159942672446 0.0218481712808027
-9999 -9999 -9999 -9999 -9999 -9999 -9999 -9999 -9999 -9999 -9999 -9999 -9999 -9999 -9999 -9999 -9999 -9999 -9999 48.8500483999266 99.8815897518938 226.352401265569 -9999 16.4756302664329 4.65220980753098 249.815496992266 7.9130621501875 8.66655848913208 -9999 -9999 -9999 -9999 -9999 -9999 2.99630878956459 0.0820910640335334 0.124278739305658 3.07056161598999 0.114514881224602 0.126262168323215 1.34119745216522 29.6160645815358 1.14230960521449 0.199118662581352 -9999 0.370699561475165 2.06898239861915 0.322368989578204 4.053510330761 1.02749789115181 0.49332339021979 0.32180564961071 0.0789253285258223 0.481838090542262 1.44368742060446 0.161161673462511 2.47192864429268 0.155693817657707 0.948047117214161 0.0677586046049663 0.244748995343921
-9999 -9999 -9999 -9999 -9999 -9999 -9999 -9999 -9999 -9999 -9999 -9999 -9999 -9999 -9999 -9999 -9999 -9999 1273.1177543091 4.52224303984656 1.72835538030955 2.16640455727126 111.595875176983 3.77394245255949 5.43345819232753 15.4980830217583 1.51826683409694 -9999 -9999 -9999 -9999 -9999 -9999 -9999 -9999 0.864515302997082 1.7902583305248 0.134920029835277 0.103341589014275 2.32403010792635 1.13708554410503 18.8033882833086 1.3890559549717 0.113735115788026 0.402656840533332 -9999 0.129027367709589 1.4034474810557 0.120570266626062 0.109344702556721 0.0967156677984208 0.085883806942994 0.804708478125838 0.155713720619879 0.839201581842784 0.190635803576254 0.0651381772623515 0.83040477886032 0.88904847214028 0.462011356739649 0.0955057461159621
-9999 -9999 -9999 -9999 -9999 -9999 0.0978317840738717 1.04520415739762 0.0499508618680709 0.00335676542722686 -9999 0.0116835589115706 0.54718947396578 1.65788026305575 0.303362141982839 3.10793685255543 10.2174759655013 -9999 -9999 -9999 0.34799347339887 29.9147882355212 36.4724274112558 6.71122114035023 2.34872976770521 -9999 -9999 -9999 -9999 -9999 -9999 -9999 -9999 -9999 -9999 -9999 -9999 1.08161268988977 0.4616437990088 0.299656528092995 1.1185399023581 -9999 0 0.0599459995531989 2.31337945939652 0.464187738377705 -9999 0.0383546340971309 2.10431852571787 0.290558038542647 0.248888763009067 0.039515058318663 0.0794909476438084 1.49265295655783 0.108184546936793 0.0398310325465961 0.0283876418249606 0.102906478098458 0.0611322067353405 0.212656778263017 2.62009239166243
6.56033418677861 2.00522301359146 2.05514289917691 0.512950181860654 2.57950245529937 1.23305696839787 0.448879806833896 0.738758852171353 0.243022581839629 3.4140083148154 0.159688218618612 0.2624372379466 0.0638868370018856 0.123820415558623 2.16090294876419 0.820217939042186 15.3949956724805 0.0744339901989237 -9999 -9999 -9999 -9999 232.924037026237 231.951594763104 5.03665861990642 -9999 -9999 -9999 -9999 -9999 -9999 -9999 -9999 -9999 -9999 -9999 -9999 0.938697133844313 0.0602838637001008 0.436374269900869 0.41986609337125 -9999 1.55989990015961 5.05051353459484 0.496793774088717 0.030636865531088 0.325326224648834 -9999 1.1316577927164 0.269066213833057 0.108896045640498 0.391534328331208 0.104862498192001 0.0574667789851623 0.0100757214033234 0.358052260280249 0.791573832287267 0.647923268283529 0.115693784710444 0.024789446717931 0.0339297556625855
1.23806117060225 1.23160177792527 0.270864401272978 1.14987097368199 0.500062919358378 0.580285240991764 1.64521257938903 1.83437670312908 0.922228661695147 1.49256377902217 0.58029687877099 0.410033996123101 0.304788058502069 0.222319255167346 0.748425576307465 64.0299345505873 -9999 -9999 -9999 -9999 -9999 -9999 -9999 -9999 -9999 -9999 -9999 -9999 -9999 -9999 -9999 -9999 -9999 -9999 -9999 -9999 -9999 -9999 0.17896470135935 2.3597825168593 2.31189513229259 -9999 -9999 -9999 2.53565952422741 -9999 -9999 -9999 -9999 0.436775746793838 3.5877460553994 -9999 0.0390396618916174 0.11288568032289 0.62749070398761 -9999 -9999 -9999 0.186518933922476 0.209854379826225 0.0638472889582873
0.179423583651773 0.0455047094708909 0.0314101400275039 1.62113845674383 1.00302694113922 1.8109253020287 7.1105877798235 3.30140594139601 5.57692957759498 0.341693069477153 0.267753674588831 0.429008240945005 0.305924278161905 1.63355254440479 0.196043503948829 0.469470141132835 -9999 -9999 -9999 -9999 -9999 -9999 109.943247195917 40.6445533233883 -9999 -9999 -9999 -9999 -9999 -9999 -9999 -9999 -9999 -9999 -9999 -9999 -9999 -9999 -9999 -9999 -9999 0.752189414358623 10.0146668668175 -9999 -9999 -9999 -9999 -9999 0.219039051558578 1.57601131952525 -9999 -9999 -9999 -9999 -9999 -9999 -9999 -9999 -9999 -9999 -9999
0.0509336447681631 0.167345897169375 0.535509694956534 0.00340299830628491 0.110117146874311 0.191585221051169 0.254861650740915 0.383654460073408 0.227110005155755 0.184051619625677 0.272635561994823 0.142575842532149 0.14623224710388 0.121319091790974 0.330177131884991 0.352736047087848 9.62806007730712 -9999 -9999 -9999 -9999 -9999 -9999 -9999 -9999 -9999 -9999 -9999 -9999 -9999 -9999 -9999 -9999 -9999 -9999 -9999 -9999 -9999 -9999 -9999 -9999 0.851508127509715 0.972942164102833 1.05242795468484 2.4957017971615 1.01625543629903 0.987216475731436 0 0.372115952274015 -9999 -9999 -9999 -9999 -9999 -9999 -9999 -9999 -9999 0.578114205515338 0.153599515987488 1.83069323404979
0.27169005511032 0.044825132238537 0.392392309222398 0.0171380697365385 0.065622868423093 0.0544994707828473 0.00279679812913223 0.0120828024680488 0.00176555798698682 0.00385690124863474 0.144971096382605 0.0548450009414351 0.106655990819973 0.116710073056014 0.223028695633884 2.51912853214882 0.72149715624816 -9999 -9999 -9999 -9999 -9999 -9999 -9999 -9999 -9999 -9999 -9999 -9999 -9999 -9999 -9999 -9999 -9999 -9999 -9999 -9999 -9999 -9999 -9999 -9999 -9999 -9999 1.19346122418984 0 -9999 -9999 -9999 -9999 -9999 -9999 -9999 -9999 -9999 -9999 -9999 -9999 -9999 2.56182845150648 0.0972886923017253 0.333654545836866
0.0804383854704736 0.0243854361437314 0.00237268215836661 0.00322721523420691 0.0147655296812332 0.0120142384474809 0.00246879922917084 2.73182549241925e-05 0.000113531382777939 0.00036182900584204 0.00678676274828181 0.262240249585001 0.0592148847853059 0.000258723013779807 0.102096158791072 -9999 -9999 -9999 -9999 -9999 -9999 -9999 -9999 -9999 -9999 -9999 -9999 -9999 -9999 -9999 -9999 -9999 -9999 -9999 -9999 -9999 -9999 -9999 -9999 -9999 -9999 -9999 -9999 -9999 -9999 -9999 -9999 -9999 -9999 -9999 -9999 -9999 -9999 -9999 -9999 -9999 -9999 -9999 -9999 -9999 -9999
0.112888916000482 0.00577591054992649 0.00556637882588033 0.000734804757934319 4.86450246222993e-05 0.126797740774453 0.0124977809708182 0.00443348276586791 0.00220335412085132 0.00743309819226693 0.00572576579362956 0.00280653623599905 0.000458603369551025 0.154112859480142 0.690264674142247 4.47012875706103 9.99314202179893 -9999 -9999 -9999 -9999 -9999 -9999 -9999 -9999 -9999 -9999 -9999 -9999 -9999 -9999 -9999 -9999 -9999 -9999 -9999 -9999 -9999 -9999 -9999 -9999 -9999 -9999 -9999 -9999 -9999 -9999 -9999 -9999 -9999 -9999 -9999 -9999 -9999 -9999 -9999 -9999 -9999 -9999 -9999 -9999
0.00522394206322033 0.010779222577522 0.00356321407986044 0.0028310394452944 1.57309501982916e-05 0.00115503314424357 0.124269569183286 1.14712863735042 7.73245550618123e-05 0.000414026158006554 0.000166816622559247 0.00434985642788421 0.0208166276843335 0.00262528910732967 0.121204445679726 0.0249129867165436 0.0085420996196927 0.0143516466869319 -9999 -9999 -9999 -9999 -9999 -9999 -9999 -9999 -9999 -9999 -9999 -9999 -9999 -9999 -9999 -9999 -9999 -9999 -9999 -9999 -9999 -9999 -9999 -9999 -9999 -9999 -9999 -9999 -9999 -9999 -9999 -9999 -9999 -9999 -9999 -9999 -9999 -9999 -9999 -9999 -9999 -9999 -9999
0.0706041851500518 0.206664631227415 0.0196218947871094 0.009893559997604 0.00379794104343506 0.00163527654352588 0.0152790860157595 3.91927015426577e-05 5.63254547476145e-06 0.000127902109510986 0.000180634936988819 0 0 0.000401583970483283 0.205703396123264 0.00208951232267022 0.000343832845650544 0.0226718093514597 0.187632821142167 0.561390501319364 2.81148511659517 0.541032349333653 3.96767392450205 -9999 -9999 -9999 -9999 -9999 -9999 -9999 -9999 -9999 -9999 -9999 -9999 4.41230682714877 0.157983883526646 2.55632997862288 0.164982497120771 0.735316480137106 4.00637547646128 -9999 -9999 -9999 -9999 -9999 -9999 -9999 -9999 -9999 -9999 -9999 -9999 -9999 -9999 -9999 -9999 -9999 -9999 -9999 -9999
1.35879192766012e-05 0.0711193660582577 0.00293425004721147 0.000942585788644493 0.00483553974785708 4.31716463515662e-06 0 5.6214203350303e-05 0.000356569139002332 4.70565355107634e-05 0.000445411738377032 0.00153143648806671 0 0.00216285056378875 0.0446540068872577 0.00074949432063847 0.0186103044719748 0.0444631494404737 0.00288962133970436 0.0941899841513183 1.07872854482708 0.465311930364417 0.0487987410003698 0.758742614167842 2.35612690590044 -9999 -9999 -9999 -9999 -9999 -9999 -9999 -9999 -9999 8.6771260189037 0.0726182732742911 0.00837696088448873 0.00069552784949699 0.0025540063896425 0.0052862340689957 0.0747703726387298 8.80535288612049 -9999 -9999 -9999 -9999 -9999 -9999 -9999 -9999 -9999 -9999 -9999 -9999 -9999 -9999 -9999 -9999 -9999 -9999 -9999
0.00165119474898375 0.0382220515318447 0 0.0170018077542682 0.0205205246448279 0.0475702603482767 0.00472424068789646 0 0 0.00110153678113809 0.000338896893307101 3.707132341641e-05 0.00303537934381385 0.0324619696919521 0.00200253059762096 0.230903302909392 0.0529675882880437 0.0149860114193682 0.0201329392909517 0.00232489738657012 0.00179376906818919 0.204230222590724 0.0447723961839313 0.000946403536255859 0.000558449662847038 -9999 -9999 -9999 -9999 -9999 -9999 -9999 -9999 0.0870912746914143 0.768631883577527 8.09122416308827e-05 0 4.2506279198825e-05 4.14342134748946e-05 0.000139928775000501 0.0127440354165904 0.0315820786117812 0.037411204173266 0.078975419358758 0.52296508574093 4.36184087491601 0.100191011190992 -9999 -9999 -9999 -9999 -9999 -9999 -9999 -9999 -9999 0.00129526739361898 -9999 -9999 -9999 -9999
0.000541057736596555 0.000423081104727411 0 0 0 0.000202243342268131 0 0.0176134342666929 5.33793435228608e-05 0 0.00185572903418944 0.00307355201528228 0.00461342826044552 3.77767804735647e-05 0.000379170968414134 0.000289501445085304 0 0 0.000134588533897012 0.013354206421938 0.00786172912015982 0.000717069573149448 0.000675806866706105 0.00301300865238617 0.000979799245027708 0.000336045131235661 0.012735733938361 1.06414743509525 0.0414264112271718 -9999 -9999 -9999 -9999 -9999 0.00543500221379772 0 0 6.74252870131821e-05 7.90050504076629e-05 0.000125142620228751 0 0 0 0 0.0715741326464774 0.524032338509941 0.00252985659046101 0.0189602641674582 0.727271001004418 0.0128722478870775 0.211778387704612 0.137215528465824 -9999 19673898.2345153 208.001652405935 1548.65159919733 0.0143923693791293 5560.16565224642 196550.548757517 3229.91920116452 0.4116551594138
0.00176761128355775 0 0 0 0.00438764489014875 0.00157158153112346 4.57870912121187e-05 7.10060507283936e-16 0 0 0.00334427353722813 0.000473560824090009 0 2.34147608780362e-05 0.000667990555682998 4.79957640720208e-05 0 0 0.00978783470026964 0.00924202510161015 0.000111101402745629 7.95505674775294e-05 0.000284083169098755 2.69482258957315e-05 4.76165854399336e-06 0.00066099752307298 0.000597758666396093 0.00132680066105226 0.000299153480067111 0.00193609874461925 0.0110434224530791 -9999 -9999 0 0.340380247523511 1.16047024252273e-05 0 0 6.50338538145862e-07 4.51219224176253e-05 0 0 0 0 0 0 1.44353555146803 0.231969048347057 0.00355563895149272 0.000497979166032792 0.165248899079938 0.0991295599141714 3.83601787564006 2.30834732578866 3.03142197319679 97.2309631764884 0.0150621851133068 115.666322734483 417799.255743292 1.45967144729424 0.778065655951166
0.000181103319872084 5.66581882237003e-05 0 0 0 0 0.000220574797880231 0.000490368628445383 0 0.0169043887269483 0 0 0.0180744623577873 0.00148628224334038 0.00103845943939944 0 0 0.000138298182757696 0.00353617049607631 0.00131134692207625 0.00024257905412341 0.0069153120609424 0.0131262590763937 3.56939619968163e-05 0 0 0 0 0 0 0.00136308163820075 0.00468637542623423 0.000985416334818598 0.0128787062645336 0 0 0 0 0 0 0 0 0 0 0 0 0.000145112181759845 0 0.00057715037364111 3.79924117515964e-05 0.0110613793461396 1.25923732073994e-05 0 0 1.17518640170831 3013.64164528355 0.017494322045082 2.80400253174733 28.4532562669863 367.597614494145 0.0481387751295828
