Other/Paper Figure/Data/VanVlietFig2_maps_ERL2021/fig2c_fract_WSq_WS_ann_global.asc
NCOLS 720 
NROWS 280 
XLLCORNER -180 
YLLCORNER -56 
CELLSIZE 0.5 
NODATA_value -9999 
[rows 150 to 179 of 280, columns 340 to 407 of 720]
21.3747027564344 1 81.8772668596748 1 1 1 1 1 1 1 1 1 1 423.257638818606 1 1 1 1 1 1 1 1 89.2081603307244 1 1 1 101.159706912277 80.2387604418715 119.096673144892 1 1 1 1 1 4.81206181985058 8.28703991665305 37.8467371364758 126.097823248176 347.012466237991 214.142718329795 1 1 183.387188491944 172.576630393073 23.1573356216957 1 1 1 1 1 1 257.457916733494 1 1 3185.74959103869 1 1 1 1 1 1 1 1 2723.99428809334 10622.3562416988 6527.29145713267 655.875876992386 16.0815205993475
1 76.0723987158349 177.996656726771 1.41542957531982 1 1 1 1 1 1 1 1 1 37.5810601014423 77.0426968554446 1 1 1 1 1 1 42.4278047924172 4.18554142241815 1 1 1 90.6544565783227 1 64.719399112001 48.1228041634616 92.0599334019807 4.79163452888127 33.9935102791144 1 1 16.2941679619508 56.7374411948465 214.278612105622 1 1 1 1 338.437007728409 84.0045085472427 1 1 1 1 1 1 1 1 471.00765549861 1 1866.09031379396 1 1 13888.7725808648 1 1 1 435.733466351689 1619.10846245823 1 1 1 1 1
1 1 171.812231993782 293.058681648107 1 1 72.3154066421609 1 1 37.8003435107629 1 8.59110540962843 1 670.514744976864 123.808639370549 93.9674234145746 169.429694056863 1 1 1 1 76.5533759386966 1 202.014652977131 1 1 30.5817381892972 27.2508694906567 13.637437524812 35.8556689435746 65.2209072291395 80.928894525987 35.025577271539 1 1 1 1 1 1 140.582881303415 1 263.818383683383 1 24.440799755406 1 1.32581920617095 1 1 1 1 1 1 1 1 1 1 1 1 1 1 1 1 1 1 1 1 1 1
1 1 1 1 9.47568286401937 1 42.9058374395287 1 1 10.4488760078239 115.125437556413 1 1 12.2691622425664 87.5537048814081 32.7072193295087 150.643514028416 176.58640115097 439.979717848854 53.5353981054172 1 74.4259041605319 1 722.965451152757 1 165.187028007313 1 34.5992542163965 1 24.4485967525595 26.5894317110149 17.6397830249262 72.2612851960069 1 153.012207246531 36.3610549832391 9.04250144758817 37.6073188939059 7.58977520553568 113.5838641498 1 1 36.2236979989134 229.922218925277 181.157716224017 1 1 14.4490705653047 1 1 549.675825357696 737.338333621674 1576.50215625804 4006.00473074859 1182.47454397015 1 1 1 1 1 1 1 1 1 1 1 1 1
1 1 397.578800765468 1 1 1 1 26.6606234864598 1 1 1 1 1 28.0772359892455 1 13.752941412678 43.6112500136887 72.9704336027894 7.43405224666989 1 1 101.69820694572 100.631299028848 1 49.8645870962778 1 33.2701505308826 1 1 35.1741170777604 1 1 38.5496135702089 1 230.987851509611 201.588631218183 10.1688614182781 173.198895091485 122.056151854588 1 1 1 70.0005943752441 87.2802626924378 1 1 1 311.188988537388 12.6172980222344 1 1 1 1 1 1 1 1 1 1 1 1 1 1 1 1 1 1 1
1 1 1 1 1 1 1 60.7782454537133 41.5146895807453 1 1 55.3642184354658 1 69.8909379112156 2.86182864643572 45.6939800457437 139.126741199726 205.478077825689 73.2230983637608 134.047637171622 1 597.367466115277 7.26688093050696 1 1 1 46.5264545511194 1 1 1 1 25.8406482678972 38.7179559076177 1 36.8111486936124 96.3159178701211 1 1 159.780522607756 66.7937483591472 11.0623946840005 30.6691756444721 1 1 1 1 1 1 1 1 1 29.9836424584023 1 1985.3481023797 1 1 1 1 1 1 1 1 1 1 1 1 1 1
1 1 1 1 1 1 1 1 45.2007116545149 1 1 1 1 1 1 5.48865224753029 1 1 30.3264444991506 33.5280620309861 272.629838102853 1 -9999 -9999 -9999 -9999 -9999 -9999 -9999 1 1 1 65.890154943123 1 54.2350439245382 390.764181658825 1 1 1 9.96587798619529 48.3113143312678 1 1 1 1 1 1 1 1 515.719924070362 1 1 1 1 1 1 1 1 1 1 1 1 1 1 1 1 1 1
1 1 1 1 1 1 80.1982719079858 1 1 1 1 1 1 1 1 1 1 5.14660141202303 3.73049988818125 1 -9999 -9999 -9999 -9999 -9999 -9999 -9999 -9999 -9999 -9999 1 1 1 2152.27898249026 11.9711673270275 37.1304300579389 1 1 1 9.96578615662383 103.831011774666 1 1 1 113.618405060775 946.112447733975 1 1 1 1 1 1 1 1 2054.944349475 809.787309507048 1 1 1 1 1 1 1 1 1 1 1 1
-9999 -9999 1 1 1 1 1 1 -9999 -9999 -9999 -9999 -9999 -9999 -9999 1 1 -9999 -9999 -9999 -9999 -9999 -9999 -9999 -9999 -9999 -9999 -9999 -9999 -9999 1 275.225747437028 1 7158.07095363602 26.375771854235 193.560351968426 1 1 1 1 1 1 1 1 1 1 1 1482.95323673859 1 1 1 1 1 1 438.17262983489 1 1 1 1 1 1 1 96.919984800402 1 1 1 1 1
-9999 -9999 -9999 -9999 1 1 -9999 -9999 -9999 -9999 -9999 -9999 -9999 -9999 -9999 -9999 -9999 -9999 -9999 -9999 -9999 -9999 -9999 -9999 -9999 -9999 -9999 -9999 -9999 -9999 -9999 1 1 1 18.745836757291 -9999 -9999 1 1 1 1 1 1 1 190.630011493785 169.84380722321 127.731441297009 1 1 1 1 4.94487315286197 1 1 1 633.291006523875 1 1 233.710633110755 1 851.265817610813 1 1 1 1 1 1 1
-9999 -9999 -9999 -9999 -9999 -9999 -9999 -9999 -9999 -9999 -9999 -9999 -9999 -9999 -9999 -9999 -9999 -9999 -9999 -9999 -9999 -9999 -9999 -9999 -9999 -9999 -9999 -9999 -9999 -9999 -9999 -9999 -9999 -9999 -9999 -9999 -9999 1 -9999 1 1 1 1 1 1 609.697010538046 157.42713759545 1410.56820228043 66.7546234252918 1078.92247091762 156.911190805925 1 1 59.0297690452253 1 1 1 1 1 1 534.412650783992 1 24178.9869364557 1 1 1 1 1
-9999 -9999 -9999 -9999 -9999 -9999 -9999 -9999 -9999 -9999 -9999 -9999 -9999 -9999 -9999 -9999 -9999 -9999 -9999 -9999 -9999 -9999 -9999 -9999 -9999 -9999 -9999 -9999 -9999 -9999 -9999 -9999 -9999 -9999 -9999 -9999 1 1 -9999 1 1 1 1 1 1 1 1 23.5717003498987 1 1 1 359.132560490323 1 183358.406401357 1 4321480.65823297 3289198.91152559 1 1 581.226223884199 774.506547189625 1 1 1 1 1 1 1
-9999 -9999 -9999 -9999 -9999 -9999 -9999 -9999 -9999 -9999 -9999 -9999 -9999 -9999 -9999 -9999 -9999 -9999 -9999 -9999 -9999 -9999 -9999 -9999 -9999 -9999 -9999 -9999 -9999 -9999 -9999 -9999 -9999 -9999 -9999 -9999 -9999 -9999 -9999 1 1 1 1 1 1 1 1 1 1 370.496004478057 1 1 1 2940877.92773952 1 1 1 2436.00172373818 1632.5827809125 1902.4677016802 1 1 59.042004636443 1 1 1 1 1
-9999 -9999 -9999 -9999 -9999 -9999 -9999 -9999 -9999 -9999 -9999 -9999 -9999 -9999 -9999 -9999 -9999 -9999 -9999 -9999 -9999 -9999 -9999 -9999 -9999 -9999 -9999 -9999 -9999 -9999 -9999 -9999 -9999 -9999 -9999 -9999 -9999 -9999 -9999 1 1 1 1 1 1 1 1 1 1 1 1 1 1 Inf 332819.026493616 1 1 3244.06454408586 1 1 1 1 1 1 1 1 1 1
-9999 -9999 -9999 -9999 -9999 -9999 -9999 -9999 -9999 -9999 -9999 -9999 -9999 -9999 -9999 -9999 -9999 -9999 -9999 -9999 -9999 -9999 -9999 -9999 -9999 -9999 -9999 -9999 -9999 -9999 -9999 -9999 -9999 -9999 -9999 -9999 -9999 -9999 -9999 1 1 1 1 1 1 1 1 1 1 1 1 1 1 1 1 3253742.98578148 1 1 1 1 1 1 1 1 1 1 1 1
-9999 -9999 -9999 -9999 -9999 -9999 -9999 -9999 -9999 -9999 -9999 -9999 -9999 -9999 -9999 -9999 -9999 -9999 -9999 -9999 -9999 -9999 -9999 -9999 -9999 -9999 -9999 -9999 -9999 -9999 -9999 -9999 -9999 -9999 -9999 -9999 -9999 -9999 1 1 1 1 1 1 1 1 1 1 1 1 Inf 10162.9904337609 1 1 1 1 1 1 1 1 1 1 2582.7400412324 1 1 1 1 1
-9999 -9999 -9999 -9999 -9999 -9999 -9999 -9999 -9999 -9999 -9999 -9999 -9999 -9999 -9999 -9999 -9999 -9999 -9999 -9999 -9999 -9999 -9999 -9999 -9999 -9999 -9999 -9999 -9999 -9999 -9999 -9999 -9999 -9999 -9999 -9999 -9999 -9999 1 1 1 1 1 1 1 1 1 1 1 1 1 1 Inf 1 1 1 1 1 4227.04526216227 2321.91965869749 1 1 1 131.355951379031 1 1 1 3.42538905225189
-9999 -9999 -9999 -9999 -9999 -9999 -9999 -9999 -9999 -9999 -9999 -9999 -9999 -9999 -9999 -9999 -9999 -9999 -9999 -9999 -9999 -9999 -9999 -9999 -9999 -9999 -9999 -9999 -9999 -9999 -9999 -9999 -9999 Inf -9999 -9999 -9999 -9999 1 1 1 1 1 1 1 1 1 1 1 1 1 1 1 1 1 1 1 1 1 1 1 965.188002524393 1 1 1 1 1 1237.62576484637
-9999 -9999 -9999 -9999 -9999 -9999 -9999 -9999 -9999 -9999 -9999 -9999 -9999 -9999 -9999 -9999 -9999 -9999 -9999 -9999 -9999 -9999 -9999 -9999 -9999 -9999 -9999 -9999 -9999 -9999 -9999 -9999 -9999 -9999 -9999 -9999 -9999 -9999 1 1 1 1 1 1 1 1 1 1 1 1238.0641928806 1 1 1 1 1 1 1 1 1 1 1 1 1 1 1 1 1252.53198407266 2118.34950096614
-9999 -9999 -9999 -9999 -9999 -9999 -9999 -9999 -9999 -9999 -9999 -9999 -9999 -9999 -9999 -9999 -9999 -9999 -9999 -9999 -9999 -9999 -9999 -9999 -9999 -9999 -9999 -9999 -9999 -9999 -9999 -9999 -9999 -9999 -9999 -9999 -9999 1 70.5029587715903 1 1 1 1 1 1 1 1 1 1 1 1 1 1 1 1 1 258.006193913499 2229.09866010614 1 1 1 1 1 1 1 1 2.39540779594341 2229.12730864856
-9999 -9999 -9999 -9999 -9999 -9999 -9999 -9999 -9999 -9999 -9999 -9999 -9999 -9999 -9999 -9999 -9999 -9999 -9999 -9999 -9999 -9999 -9999 -9999 -9999 -9999 -9999 -9999 -9999 -9999 -9999 -9999 -9999 -9999 -9999 -9999 -9999 -9999 1 404186.567615237 1 1 1 1 1 1 1 1 1 1 1 1 1 1 1 1042.9941683051 261.059757844192 1 1643.3723382615 1 1 3317.0574365634 1 514.932415353067 1 1 1 1
-9999 -9999 -9999 -9999 -9999 -9999 -9999 -9999 -9999 -9999 -9999 -9999 -9999 -9999 -9999 -9999 -9999 -9999 -9999 -9999 -9999 -9999 -9999 -9999 -9999 -9999 -9999 -9999 -9999 -9999 -9999 -9999 -9999 -9999 -9999 -9999 -9999 -9999 1 1 1 1 1 1 1 1 1 1 1 1 1 1 1 1 3190.0651104573 2.03628184178448 1 1 1601.49137851962 1 1 1 4821.66171567459 1 1 1 596.966274727684 1
-9999 -9999 -9999 -9999 -9999 -9999 -9999 -9999 -9999 -9999 -9999 -9999 -9999 -9999 -9999 -9999 -9999 -9999 -9999 -9999 -9999 -9999 -9999 -9999 -9999 -9999 -9999 -9999 -9999 -9999 -9999 -9999 -9999 -9999 -9999 -9999 -9999 -9999 -9999 524.050428818342 1 1 1 1 1 1 1 1 1 1 1 36457.0364452135 1 555.247951618022 1 1 1 933.889368531623 1 10167.0315868737 1 20783.7021549156 1 11462.9745628544 1 1 1 7033.38903837604
-9999 -9999 -9999 -9999 -9999 -9999 -9999 -9999 -9999 -9999 -9999 -9999 -9999 -9999 -9999 -9999 -9999 -9999 -9999 -9999 -9999 -9999 -9999 -9999 -9999 -9999 -9999 -9999 -9999 -9999 -9999 -9999 -9999 -9999 -9999 -9999 -9999 -9999 -9999 1 1 1 1 1 1 1 196.976172592672 76.9441985440994 1 1 1 1 1 813.536499601308 1 1 1 913.508241198931 6929.81927571885 1 1 24932.1212058335 6997.38630589537 6337.70292638764 1569.91514913835 3724.31609048239 3677.54886537822 1
-9999 -9999 -9999 -9999 -9999 -9999 -9999 -9999 -9999 -9999 -9999 -9999 -9999 -9999 -9999 -9999 -9999 -9999 -9999 -9999 -9999 -9999 -9999 -9999 -9999 -9999 -9999 -9999 -9999 -9999 -9999 -9999 -9999 -9999 -9999 -9999 -9999 -9999 -9999 -9999 1 1 1 1 1 1 1 1144.58167883556 1 1 1 2229.62519904774 1 1 1 1 1 1 1 1 1 1 1 6550.92670708727 1 1 1 2454.53963740138
-9999 -9999 -9999 -9999 -9999 -9999 -9999 -9999 -9999 -9999 -9999 -9999 -9999 -9999 -9999 -9999 -9999 -9999 -9999 -9999 -9999 -9999 -9999 -9999 -9999 -9999 -9999 -9999 -9999 -9999 -9999 -9999 -9999 -9999 -9999 -9999 -9999 -9999 -9999 -9999 -9999 1 1 1 1 1 376.48136237231 1 5006.74547229409 1 80.7844519229013 1 1 309.674468695568 1 1 79.1137777374993 1 1 13824.7965431702 14960.3249191146 25488.4826914084 4862.27482753422 1 1 11002.5556809732 1929.36120809603 1
-9999 -9999 -9999 -9999 -9999 -9999 -9999 -9999 -9999 -9999 -9999 -9999 -9999 -9999 -9999 -9999 -9999 -9999 -9999 -9999 -9999 -9999 -9999 -9999 -9999 -9999 -9999 -9999 -9999 -9999 -9999 -9999 -9999 -9999 -9999 -9999 -9999 -9999 -9999 -9999 -9999 -9999 1 1 1 74.4348131062847 1 1 1 1 1 1 1 1 1 1 1 673.61410967657 1 1 1 1 1 1 1 1 1 1
-9999 -9999 -9999 -9999 -9999 -9999 -9999 -9999 -9999 -9999 -9999 -9999 -9999 -9999 -9999 -9999 -9999 -9999 -9999 -9999 -9999 -9999 -9999 -9999 -9999 -9999 -9999 -9999 -9999 -9999 -9999 -9999 -9999 -9999 -9999 -9999 -9999 -9999 -9999 -9999 -9999 -9999 -9999 1 81.0475654062329 1 36.217330915858 15.6103835475564 1 1 171.511604935459 558.459828571672 1 1 1 1 16.9299710509912 1 1 1 1 1 1 1371.02822807969 1 1027.54528990894 1 1
-9999 -9999 -9999 -9999 -9999 -9999 -9999 -9999 -9999 -9999 -9999 -9999 -9999 -9999 -9999 -9999 -9999 -9999 -9999 -9999 -9999 -9999 -9999 -9999 -9999 -9999 -9999 -9999 -9999 -9999 -9999 -9999 -9999 -9999 -9999 -9999 -9999 -9999 -9999 -9999 -9999 -9999 -9999 -9999 1 323.234330995975 170.508651952194 1 184.496269659824 36.7538857838355 1 245.800309413791 594.760679388873 1 1 1 300.319382040956 1 860.851866368501 809.714450217553 1 751.98056933474 1 1 1 1 1 1
-9999 -9999 -9999 -9999 -9999 -9999 -9999 -9999 -9999 -9999 -9999 -9999 -9999 -9999 -9999 -9999 -9999 -9999 -9999 -9999 -9999 -9999 -9999 -9999 -9999 -9999 -9999 -9999 -9999 -9999 -9999 -9999 -9999 -9999 -9999 -9999 -9999 -9999 -9999 -9999 -9999 -9999 -9999 -9999 49.271422547422 1 1 1 38.1800010595886 100.836518770063 1 650.7007538729 1 1 1 1 1 1 1 716.79864805258 1 1 1 1 1 891.021052834911 37.6200472382872 1
