Other/Paper Figure/Data/VanVlietFig2_maps_ERL2021/fig2c_fract_WSq_WS_ann_global.asc
NCOLS 720 
NROWS 280 
XLLCORNER -180 
YLLCORNER -56 
CELLSIZE 0.5 
NODATA_value -9999 
[rows 30 to 59 of 280, columns 612 to 679 of 720]
3739.01527050043 Inf Inf Inf Inf Inf Inf Inf Inf Inf 6847.91104137599 31019.6373662385 Inf 15188.4264136876 6605.64610589794 3663.78015555392 9010.2413092697 14607.8270631357 Inf 13490534090088.9 2618.98447180998 733.812774500329 649.153410322493 321.965915486977 6.37539399755365 1527.2472651509 86.8528578555575 Inf Inf 811.305061191319 8522.09107486494 Inf Inf 13373.748326438 9256.15511503173 Inf 16891.0377923952 20662.2975449254 21263.1699914399 Inf 100.363351836005 308941.728531743 120316.599008927 Inf Inf Inf Inf Inf 8874.38740044516 10964.2490717806 12940.6503234956 5987.70618604047 360.32145561679 Inf Inf 20566.4282583216 Inf Inf 573.19529817205 Inf Inf 3449.09535561432 Inf 1487.7372771938 505388.34196753 248413.776616676 988502.513306933 2705292.49711696
Inf Inf Inf Inf Inf Inf Inf Inf Inf 494.682970469783 Inf 14488.2012695285 10355.8048570059 8530.24088390266 Inf Inf Inf 7197.44815445388 2776.1378168534 6746.869293559 2098.24452830586 1672.06167538658 2809.73044675174 1175.06971217663 Inf Inf 679.816564323166 Inf Inf 2346.60981065954 445.92958660671 Inf Inf 7031.68489673237 Inf 9521.83478728712 13028.9928498454 21442.0297410088 26329.1999560177 181400.649768089 35745.4746544839 29092.7550092262 Inf Inf Inf Inf Inf 8476.47994794188 Inf 11863.1619675879 6834.97309739126 6502.42366695498 11874.1645298507 24069.8360009669 9093.32853728869 Inf Inf 1347.57046161822 324.251973644379 Inf 5603.7446106453 Inf 2519713.9200689 418553.692647268 1881.46333376595 16238.7542537501 1018.84873043822 800.772902684398
4526.41894512498 Inf Inf Inf Inf Inf Inf Inf 6.88783338925969 1887.1758387697 4526.78587628884 8128.0323507868 4353.13657016959 Inf 29.9567036319443 5108.14032220235 2995.69721703715 10.2809856330104 22534.1757711757 6711.88282524191 1582.08286926541 1013.08800446688 Inf Inf Inf Inf 427.30225035756 Inf 12281.1392805896 Inf Inf 9198.90337418203 10756.6181583302 31275.8811580448 147402.904430036 157814.253901286 20889.9218009953 19888.2894863308 Inf Inf 15560.9316752113 Inf Inf Inf Inf Inf Inf Inf Inf Inf 4826.62101554333 1210.30026894039 Inf 4933.77929696039 4293.59457845585 1386.51277515283 433125.152159066 129418.607145169 1190774.70024143 820121.5251559 450351.90276505 2004310.66583654 Inf Inf 1096.02227666927 15916.665384415 Inf Inf
380.111250386411 1620.1990412406 Inf Inf Inf Inf Inf 446.307581491688 1276.15773055888 1590.75858120556 Inf Inf 10405.9103423287 13016.2614500383 1167.59063172632 26.9487759953619 207.876484895355 636.112344985021 889.465820441162 2825.61177297843 158581.008786047 23677.5199457414 936.553884386082 Inf Inf Inf Inf Inf Inf Inf Inf Inf Inf 45371.1627411191 Inf Inf Inf Inf 2460.3092021647 Inf 28722.3567081319 Inf Inf Inf Inf Inf Inf Inf 71894.1769973133 Inf 270519.768504144 36682.4000355628 15958.7243742475 9893.74346090563 170928.929970726 488.771937964227 251.337095715039 2248.26181133558 30043.7023504202 7462.92304365406 Inf 7368.60619607481 2549.35706418804 Inf Inf 36279.9078119735 5324.28888713111 622.092406970691
Inf Inf Inf Inf Inf Inf Inf 8171.32532468764 Inf Inf Inf 8016.38909112905 2406.34830276098 1577.01014833373 163.915045940593 110.59646213579 2082.05010387619 Inf Inf Inf 16.8061614199146 18.9526516096641 1011.71737564774 Inf Inf Inf Inf Inf Inf Inf 2987.79754101166 1340.67256213435 10130.3896691966 7461.96694849915 891.85968676036 Inf Inf Inf Inf Inf Inf 4377.55102705597 Inf Inf Inf Inf Inf 1143.36833394402 11241.7428305285 4370.54422365228 4930.1013465255 717.862468247956 222151.085294284 477402.572365105 4215.52533927913 3665.44431529633 Inf Inf Inf Inf 3777.27821055587 Inf 6540.90120671754 924.009681677661 693.34725264305 1347.35673502101 41735.7514521427 28152.509452733
Inf Inf Inf Inf Inf Inf Inf 60.6173457867641 400.578107621293 Inf 4512.97476480321 3429.13306136529 Inf 743.921373275455 404.06154082884 393.193903251065 124.490748720015 Inf Inf Inf Inf 2165.32679899398 1526.8769957263 85.8731657156656 950.64580307664 Inf Inf Inf Inf Inf Inf Inf 16.8035926250139 165.437863077416 35.0515789929453 1269.90557575342 8572.27869857403 11186.4033401046 Inf Inf Inf Inf Inf Inf Inf Inf Inf Inf 5801.30099808049 227770.825073965 315283.321644551 Inf Inf Inf 982.772486604286 Inf Inf Inf Inf Inf 394.885131159625 Inf 500.929469839026 262.032699720195 2725.84898334625 5293.19702545707 80479.9923522273 5953.82952251763
Inf Inf Inf Inf Inf Inf Inf Inf 3123.29500990983 726.090198564936 Inf 905.390062543425 Inf 308.270992998042 Inf Inf 4718.10946817738 27.6965106405315 237.599484696959 398.706381457005 6064.48084822524 1471.97274206051 1122.09731914773 2325.04305703966 Inf Inf Inf Inf Inf Inf Inf Inf Inf Inf 147.649020112293 Inf Inf 2023.26399542786 3002.81658728221 4327.62899472976 4245.34371578559 180.863518494538 Inf Inf Inf 2985.99806230334 Inf 3.95034937731405 228.220050135249 134.831260948554 22013.8917203835 77.9930348720119 2516.00324401183 680.707785278605 Inf Inf Inf Inf Inf Inf Inf Inf Inf Inf Inf 53723.4186494114 41619.9429690793 49638.6771687355
Inf Inf Inf Inf Inf Inf Inf Inf 157.493905288313 400.010216052229 488.017760430072 1964.26874089412 Inf 141.549075515492 216.44565199463 371.760200836278 197.491092527266 89.583961204849 300.287147316389 173.659639818156 59.5967034155025 326.443070514073 145.312026754071 57.0331507167836 Inf Inf Inf Inf Inf 138.740233755714 Inf Inf Inf 21310.3446466429 18.3451620563053 Inf Inf Inf Inf Inf Inf 590.018988973184 701.058408690482 Inf Inf Inf Inf Inf 14192.6291499774 1641.01777698129 14550.8127946907 270762.522944459 1417.05511262215 357.238253331274 515.180940329251 Inf Inf 6289.01950143696 57234.7893224681 52217.8629897512 3892.17929660594 11230.6424587561 5805.12303541682 1780.81918285004 Inf 308.983113309952 2965.77495764429 79.8866667973717
2038.29565453623 1587.72578164383 Inf Inf Inf Inf Inf Inf Inf 659.062004209839 Inf Inf Inf 32.1542122776286 21.9199071771856 Inf Inf 879.106753409204 428.418390686884 302.530092555516 Inf Inf Inf Inf Inf 1653.35465679464 Inf Inf Inf Inf 826.613744154236 15.7663686269527 1.71544575529806 1.55552367307511 9.3671466333636 560.640201783205 49.9332267142217 489.432576077962 Inf Inf Inf Inf Inf Inf Inf Inf Inf Inf Inf Inf 184180.183807594 16304.0661193494 768429.212976449 38253.5477748946 83528.1316928585 787239.749191904 440464.967697854 Inf Inf Inf 14576.8157907167 3271.75487287459 584.339467435078 57.0750074839119 329.853259031588 Inf Inf Inf
8905832.56270451 Inf 1745542.2761451 240.323960355387 Inf Inf Inf Inf 557.230943849815 3278.31362780724 Inf Inf Inf Inf 1223.81389214934 Inf Inf Inf Inf 1036.29381067492 4723.37524363185 Inf 795.813902653998 464.468965252822 269.813028818599 152.757318385736 94.2563905637651 84.8979485413759 Inf Inf 306.809426207823 497.153787819983 249.15499072994 21.809305944335 1.95163553747556 438.652503838807 2287.80213356409 4.22619854456585 7.5239841089402 Inf 300.396601513725 Inf Inf Inf Inf Inf Inf Inf Inf 678.805100140922 1566.76007331064 8395.37238483323 Inf Inf 6583.68470882807 Inf Inf Inf 17033.763848413 Inf 379.39003021457 183.316281757536 2165.00743474946 3019.16762838478 Inf Inf 763.158668663565 Inf
43.585519124344 33.0001707004562 3417.83994635306 9322.30934723999 2628984.27291086 16197985.5029722 879297.15269456 461.968750401297 338.082912701983 1004.565482447 285.389372118969 166.270030977469 200.447209381528 95.1534116689601 110.423341839062 388.35993288794 143.355577057896 200.078130342748 Inf Inf 8202.91151197568 8649.31365239841 14393.4724304229 Inf Inf Inf 56.621714532976 Inf 85.0587385248053 33.3213664195915 331.064796782249 8846.04378130444 416.766466988487 282.65444447797 2.59849590345676 119.790202880526 99.1848797800935 39.1212329403417 223.079451143998 144.387764180816 46.6441803876063 21.9137865979062 63.7968285489544 68.9999957641592 Inf 30.0133046026821 Inf Inf 1858.27815762249 1410.17553558454 1438.68619604357 Inf Inf Inf Inf Inf 12714.0258471464 Inf 3171.97986363652 1781.1492185198 2995.43402308043 170.471000727667 896.212644737864 487.937385810501 Inf Inf Inf Inf
1102.53094280033 2630.85743994237 Inf 6151.71368890003 329.928889249229 2366.97495378002 232323.25212361 259475.083740538 50174.6739482108 41826.5637628643 421265.870786256 189869.182583907 90835.6025136634 119021.128182286 83495.4662706553 166104.014521951 9371.58361161823 61948.6542577499 4318.17028895134 4413.57410414771 1226.14852643165 858.737866913669 736.988964535439 765.079152587748 8747.15666774748 Inf Inf 23.9395900335367 Inf 114.816059623326 Inf 541.1426924434 166.164951397633 202.867545228369 144.894979493936 121.612093397082 106.014382151274 53.2745739127361 31.7798604980232 30.7661946358904 10.0715644735752 1.05031485263662 1.15314653981674 3.69840912448163 1.79924096003141 23.8256635960336 30.9141403600612 89.7381963782777 15.6659406669574 264.021513965072 240.325023366039 8244635329576.81 1197.9880604732 168003.656846515 17511.6551326506 Inf 19262.1857803479 Inf Inf 268.473070046702 2342.89445836606 604.234027579557 Inf Inf Inf Inf Inf Inf
1351.30120331027 1029.07356613339 1887.32862581222 5633.78466757198 147.070525206441 233.140233332675 672.331259698468 1525.75682083374 180.889534446113 114.805397557624 1.87223077198105 88.9683061054542 684.140950236108 256.564162443851 165.74690374428 647.493437285772 1783440.78811636 212210.042343232 5095.31289699162 7.10480998067732 2674.88043194151 12.9083678799302 676.027192853707 Inf Inf 2.56116412810556 1.06793787858752 Inf Inf Inf Inf 744.696697059856 Inf Inf 1666.10531183934 Inf 696.814215751596 Inf Inf 57.3044680786307 105.306368182054 119.061793379185 261.077819910568 3.698778265291 1.62682694263106 26.8138633922536 1.62085326133259 1.5010619651963 5.12838481364098 91.718647700062 2477.85990078683 170.17073771733 36.985870646303 18147.880995049 Inf Inf 7277.46655512872 3012.7954872653 1.36084866457365 1.25724904394834 1231.50118147821 Inf Inf Inf Inf Inf Inf Inf
564.565120541328 4.9094714674565 291.943671878429 449.606835236547 360.552970020547 167.904618842924 10.6897152045672 45.3823338688249 3355.47294244714 11.3617060946687 125.029156921364 9.13940353633248 2.75464609961414 16.3443987943245 21.1574278816412 2.02614908540343 334.58003781025 7210.65633822027 8661.99077782249 729.933261350082 2897.62213262941 1186.57164296086 20456.5747462676 Inf Inf 9.24686043960181 1.47201435729765 108.095069020564 Inf 47.8653854700672 Inf Inf Inf Inf Inf Inf 218.516954412718 Inf 107.880358068113 Inf 235.169378615603 121.138725453832 727.647848760774 3708.17214843687 921.395236396689 90.8352237803772 26.677315052793 85.4429450011795 25.1820451851054 16.5712367108759 3.2550123730774 26.8061830875583 30.521077016475 319.107882835307 1320.11366586194 Inf 4093.94158350364 233.886149479684 315.6124352855 1.75111579950264 17.5196887948712 382.293325806337 3337.34444975624 6530.70102933294 4917.61113803922 4995.97158270488 1466.96604223186 1219.40159901913
18622.3180018046 16484.8691878393 398.173725627323 176.509765792689 292.880068653426 167.64898187254 605.60722005281 292.041258602834 61.8838055742194 253.059671663817 119.054957928658 3.59830281492442 7.13295543325672 141.276122587873 324.606681606797 3399.86088076283 278.671644142385 709.409785672427 391371.912248635 760.388295740967 4768.24455709432 9921.4295806687 Inf Inf 136.985756445203 180.763230144048 447.848745007715 530.443557372566 57.0060237059071 50.5924864597821 5.219833316815 199.405819702773 Inf Inf Inf Inf 36.0207742454267 Inf Inf Inf Inf 59.5528496642002 246.768368401478 1.16114283046251 1.46540177951633 2876.08264789011 3377.6855846082 3437.77603022878 Inf 6756.42588796459 836.222443812795 135.376788732259 37.1163674844996 212.959165767669 1454.1227368443 1763.07570330834 981.279750430682 3029.06419428085 Inf Inf 828.891033692756 585.736047476946 4641.39638472674 1084.26855668909 792.691178263929 840.458487444626 1427.21099517045 11358.0621606944
93848.6023028264 102063.806609201 171604.242827164 192094.769265767 6647.55423305317 692.852490627553 258.964957448713 164.481503592467 398.273018980453 109.874784152802 101.00834009952 290.09214391166 9.3147488203767 6356.10240902215 354.245479512284 659.280623660013 7407.8405679309 3172.57362492107 4313219.48459199 Inf Inf 3850.43092669048 987.288434248993 10.5412808951179 2.05465206234173 210.132502298769 1423.35494202544 732.578186581288 36.8847916953085 269.364341864631 443.06337417491 341.081668878609 289.36751959734 719.348903503218 133.869255369169 73.7860848096598 442.817558185888 Inf Inf Inf Inf 1142.80792056212 1555.83336012395 2411.64147666928 6.02871056646683 91.3655922630951 176.135755667428 2.84492434510527 Inf 3359.37938456314 626.12128151154 58.6871441841581 1.71090011649934 105.664949438341 153.129292692142 Inf 537.076029096176 2213.33676721156 Inf 2959.18710976667 Inf Inf -9999 -9999 -9999 -9999 -9999 255.216240582833
11645.3328052614 44808.887591747 4972.21186404729 16551.3415748156 6077.34977536521 275.206030842796 3338.70327041781 226.626014396819 210.013324625025 3601.70765100595 592.538998033105 91.2941282972731 135.239978374222 677.635895443393 1693.85485729077 1710.51653463667 1684.25834411518 2877.44766657823 307.426998691613 3182.6953940207 8674.06359108436 1160.1267618779 982.541829028171 12.9198365931266 2298.81776247444 1010.83187494538 Inf 255.590213301167 2364.2882722261 1086.83213123052 104.942933045771 Inf 947.816251415156 422.440314075014 793.934108292181 489.726644036916 2070.57644816453 1568.77062815837 18254706179121.3 12047.7452682786 Inf Inf Inf Inf 1771.99390051231 2035.49620168475 6350.0921493667 77.5635519199868 189.557314947944 1.78771285336121 272.179046210439 1.53028326052331 139.682845947286 1117.81655972569 12865094450263.3 Inf Inf 11826.3704899651 9377501372630.04 2000.78150483756 -9999 -9999 -9999 -9999 -9999 -9999 -9999 Inf
1044.81737851155 604.769655449352 292.221175434918 632.45726622291 876.79047681777 3440.96096060954 866.69846262324 11027.3380906185 3185.47273109976 7574.53727569328 3412.97140509139 1429.24330709557 10509.5605448129 Inf 1523.31445686468 330239.70627959 553.817358512342 538.094887070422 272073.666561421 1477.79708266668 1328.04623210696 3131.98970447424 136.862880894077 1.74288224978256 Inf 2879.29864473013 49691.6856193495 2334.63116299556 4439.7606889649 1520.48642298535 1489.60780029877 9477.36241515831 2630.9248732942 1020.84836132489 Inf Inf Inf Inf 9096.9405996965 Inf Inf Inf 33237.7552865285 3141.10115652793 11343.0300136837 Inf Inf Inf 1978.10940502014 1.21062797378457 1.67913992632091 7693.97495434912 Inf 4317.71644920508 3872.93605317401 Inf 6722.62486357717 3917.44623881859 1048.95220131644 -9999 -9999 -9999 -9999 -9999 -9999 -9999 -9999 -9999
40228.149707687 Inf 20114.9877403433 191013.507419838 26626.8830613499 Inf 205046.458318019 1003.98211512495 168.260901068234 112.903441885475 359.761844017733 Inf 2040.05707380566 1533.77902719581 43387.1702368571 62837.7794864888 Inf 32602.6461336267 5742.95254434937 Inf Inf 1028.28119927964 13456.8823706913 16.801338552822 5400.96490641964 1189.78064974112 Inf 1087.61621842965 Inf 919.912709545047 4567.6069764572 Inf 26260.0680474565 233.197459865516 675.028703827156 5949.92052134897 2693.30673137201 5801.68397126108 33397.2221317553 189503117033382 Inf 56499.4616506106 18028.0709458979 1277.47951660216 2512.73722161937 99.922786322575 56.9634020072459 142.99274883157 5.65563570639642 1.07916502474763 8.32353708496033 685.985816091019 1694.95618953026 Inf 3142.9267676125 Inf 1578.63260320835 -9999 -9999 -9999 -9999 -9999 -9999 -9999 -9999 -9999 -9999 -9999
83.8358965704764 164.773068753318 4896.86985604856 Inf Inf 97803.3790095761 23466.7364108845 24572.441534065 1539.34830090454 531.359784747764 1614.42344445956 531.09444870515 156870.449319254 98254.3084702595 2587.95709474876 Inf Inf Inf 60163.0203311586 Inf 69868.6676128739 290576521272008 7630.11598322065 Inf 2259.0440855111 1717.73659000556 6210.15908268855 Inf Inf 1477.95664888326 5432.10126317907 Inf 2758.77625524914 1.82103031185665 86.2106827462505 367.588789862741 433.943157609802 511.668150989423 46.6740346106811 4626.52184652015 Inf Inf Inf 326.344974381011 503.092243658694 286.796691915877 Inf -9999 -9999 377.028678484885 Inf 1422.31519010565 196.568123337722 1164.53947024215 2024.7233691555 Inf Inf Inf Inf -9999 -9999 -9999 -9999 -9999 -9999 -9999 -9999 10.0723322879262
18.9955212375051 15411.5497532605 169367.475464083 630044.080124731 Inf 188526.420283847 Inf 298800.858957165 150900.101000744 66540.7309302976 130430.795632151 Inf Inf Inf Inf Inf 256212.580923093 Inf Inf Inf Inf Inf Inf Inf 19460.5263461688 1519.84083194112 2120.28801362435 530.910367822372 3165.12487925353 65015.2358131451 Inf 989.083865232629 -9999 -9999 -9999 -9999 -9999 -9999 -9999 -9999 -9999 -9999 -9999 -9999 -9999 -9999 -9999 -9999 -9999 -9999 Inf Inf Inf Inf -9999 -9999 -9999 -9999 -9999 -9999 -9999 -9999 -9999 -9999 -9999 -9999 543.548630784991 520.919917200925
337.153336176393 402.177498063281 25421.1939881822 771.297419593565 3214.50940300153 21083.1715791917 2010.15711100388 Inf Inf 150.963348148045 60548.4395322358 2022.82658367306 21228.3276865291 Inf Inf Inf Inf Inf 80645.2815320182 Inf Inf 154090.472007214 Inf Inf Inf 1870.99485683381 1482.11776918906 Inf 3423.04715294852 321.815716209486 116.388823330167 -9999 -9999 -9999 -9999 -9999 -9999 -9999 -9999 -9999 -9999 -9999 -9999 -9999 -9999 -9999 -9999 -9999 -9999 -9999 -9999 -9999 -9999 -9999 -9999 -9999 -9999 -9999 -9999 -9999 -9999 -9999 -9999 -9999 1917.35013267908 1099.02896711126 1156.36971549268 Inf
147.567484052374 17338.6984634619 38511.8119168713 42.9207061785663 27.8986052413796 1959.17539832785 Inf Inf 19260.9176415957 111700.430428214 37588.7070553212 477.849777067934 745.480130555952 506.660421731437 4870.59237152133 872.861859031696 Inf Inf Inf 98087.468305304 51.9901659846902 Inf 11513.9593104083 11274.2371966786 Inf 2030.65078214142 Inf Inf 9231.93120842587 -9999 -9999 -9999 -9999 -9999 -9999 -9999 -9999 -9999 -9999 -9999 -9999 -9999 -9999 -9999 -9999 -9999 -9999 -9999 -9999 -9999 -9999 -9999 -9999 -9999 -9999 -9999 -9999 -9999 -9999 -9999 -9999 402.217063443678 217.012372193074 348.030229931645 544.75727490673 3075.22115287515 14664.6721998243 1000.13800997396
5902.90823903224 1665.31422657986 Inf Inf 7415.72151532265 894.405551378554 Inf Inf Inf Inf 138746.501234985 Inf Inf 10943.6392052343 10310.3381050589 1841.57078972374 Inf Inf Inf Inf Inf 557.020904951064 5515.86931581157 Inf 9897.50494296464 22636958147489.3 774.941908796576 Inf -9999 -9999 -9999 -9999 -9999 -9999 -9999 -9999 -9999 -9999 -9999 -9999 -9999 -9999 -9999 -9999 -9999 -9999 -9999 -9999 -9999 -9999 -9999 -9999 -9999 -9999 -9999 -9999 -9999 -9999 -9999 -9999 -9999 1187.34515596595 444.435238131112 1156.81831602561 201.128980722517 5882.47261927132 2370.20465530203 655.046695095044
353.012360191675 1366.61891448422 4513.25495056715 Inf 52276.6502775842 41931.0147210913 95398.8921666199 Inf Inf Inf Inf Inf Inf Inf 10566.8942350172 32018.0120276824 24603.1786644657 Inf Inf Inf 12094.6524878896 18484549242330.6 417.262378104496 771.420042768752 4098.88260897174 197.52491477896 -9999 -9999 -9999 -9999 -9999 -9999 -9999 -9999 -9999 -9999 -9999 -9999 -9999 -9999 -9999 -9999 -9999 -9999 -9999 -9999 -9999 -9999 -9999 -9999 -9999 -9999 -9999 -9999 -9999 -9999 -9999 -9999 -9999 -9999 1858.64707833728 1947.93670731096 4349.93778289552 888.422062941161 111.053209158296 863.281749767052 2435.80673028138 Inf
432.804308057684 1625.04006138399 1872.81720486478 3242.7204275525 Inf Inf Inf 3417.12080979948 56253.3060352145 2245.45797075212 Inf Inf Inf Inf Inf Inf Inf 2926.56928319405 25605.3885862489 Inf Inf 2213.0593665191 2113.62256543181 1502.52429029328 71.7124217257118 -9999 -9999 -9999 -9999 -9999 -9999 -9999 -9999 -9999 -9999 -9999 -9999 -9999 -9999 -9999 -9999 -9999 -9999 -9999 -9999 -9999 -9999 -9999 -9999 -9999 -9999 -9999 -9999 -9999 -9999 -9999 -9999 -9999 -9999 147.370523124306 891.763683011687 2882.21968507704 Inf Inf 132.207591293933 7.22913375363622 Inf 149.822703625958
2857.09673932413 Inf 2090.25891125584 3859.8514342321 Inf 6559.54343879405 1276.52105516425 Inf Inf Inf Inf Inf Inf Inf Inf Inf Inf Inf Inf Inf 10589.3156564018 18420.6951169932 Inf -9999 -9999 -9999 -9999 -9999 -9999 -9999 -9999 -9999 -9999 -9999 -9999 -9999 -9999 -9999 -9999 -9999 -9999 -9999 -9999 -9999 -9999 -9999 -9999 -9999 -9999 -9999 -9999 -9999 -9999 -9999 -9999 -9999 -9999 -9999 -9999 1319.44737453097 934.700575571309 754.955374115651 1082.04380569631 1 -9999 185.867721136045 611.619184840694 573.755679337643
3145.53411776668 2.99143767066734 5.17378245300588 20.3676481525384 Inf Inf Inf Inf Inf Inf Inf Inf Inf Inf Inf Inf Inf Inf 1946.70507164806 3287.97740746811 Inf -9999 Inf Inf -9999 -9999 -9999 -9999 -9999 -9999 -9999 -9999 -9999 -9999 -9999 -9999 -9999 -9999 -9999 -9999 -9999 -9999 -9999 -9999 -9999 -9999 -9999 -9999 -9999 -9999 -9999 -9999 -9999 -9999 -9999 -9999 -9999 -9999 -9999 1274.48096041938 425.037138342051 272.947268503101 759.476908305702 Inf 259.773024785123 267.780665137126 573.512683259977 1676.41018693388
Inf 15103.4312810499 Inf 7788.98917318361 242.946481935077 63.7937735880806 33650.2534861197 6925.97304758215 50692.3469308461 Inf 7339.92776013388 Inf Inf Inf Inf Inf 7766.16903076162 422726.600927029 52040.233975866 2446.71744212666 715.448441380634 1901.83609072832 414.424705074291 24580.3767205647 Inf -9999 -9999 -9999 -9999 -9999 -9999 -9999 -9999 -9999 -9999 -9999 -9999 -9999 -9999 -9999 -9999 -9999 -9999 -9999 -9999 -9999 -9999 -9999 -9999 -9999 -9999 -9999 -9999 -9999 -9999 -9999 -9999 -9999 -9999 734.292707024703 3349.22249735612 Inf -9999 1 48.7360465060412 4.18010414652221 202.271105254838 533.743836443297
Inf 4218.40984598734 87.4079119405763 204.839246907288 40.0742159459175 2720.35948033887 3814.77846880546 8526.67841196103 16362.1213021104 8425.5403847219 Inf Inf Inf 15808.7253942433 Inf 223810.134904548 Inf Inf Inf Inf 98254.300185209 Inf Inf Inf -9999 1665.78387370036 Inf 1827.55134107129 Inf -9999 -9999 -9999 2579.86900859342 49.1864963503047 -9999 -9999 -9999 -9999 -9999 -9999 -9999 -9999 -9999 -9999 -9999 -9999 -9999 -9999 -9999 -9999 -9999 -9999 -9999 -9999 -9999 -9999 -9999 -9999 -9999 26.6962712023776 3473.41223025202 Inf -9999 1 7.66587682810372 308.405128811997 1580.42399420871 356.30053362045
