Other/Paper Figure/Data/VanVlietFig2_maps_ERL2021/fig2c_fract_WSq_WS_ann_global.asc
NCOLS 720 
NROWS 280 
XLLCORNER -180 
YLLCORNER -56 
CELLSIZE 0.5 
NODATA_value -9999 
[rows 180 to 209 of 280, columns 408 to 475 of 720]
655.983682552291 1429.81987682082 1 1 176.543149391857 1 24862.101161667 1 4.94598026948541 1 1 1 93.9337252093563 1 1 1 1 1 1 1 405.992352088758 1 287.060215146397 184.423321076883 781.183247330245 305.368914453209 10.6113356873295 1 1 1 6.36988279868881 1.3946063207422 -9999 -9999 -9999 -9999 -9999 -9999 -9999 -9999 -9999 -9999 -9999 -9999 -9999 -9999 -9999 -9999 -9999 -9999 -9999 -9999 -9999 -9999 -9999 -9999 -9999 -9999 -9999 -9999 -9999 -9999 -9999 -9999 -9999 -9999 -9999 -9999
1 778.455821904283 1 1 1 1 1 1 1 1 1 1 1 1019.91947688783 1 1 1 1 203.509259836257 290.420953889206 101.113573250351 99.0480841178284 1 3025.72056547623 154.92304086005 488.16490853797 11.8789649625549 89.5640388159118 327.603734431255 63.9360626022723 13.252198843675 -9999 -9999 -9999 -9999 -9999 -9999 -9999 -9999 -9999 -9999 -9999 -9999 -9999 -9999 -9999 -9999 -9999 -9999 -9999 -9999 -9999 -9999 -9999 -9999 -9999 -9999 -9999 -9999 -9999 -9999 -9999 -9999 -9999 -9999 -9999 -9999 -9999
1 281.82581142859 1 1 153.642842816084 726.363865168646 1 1 1 126.156841782993 3.92449251198409 8.68388751700187 1 1 214.888848453562 1 1 669.396143284547 1 1 339.679349348951 44.0632799887188 1 1 1 1 969.772199410316 1 1 41.9597916141156 6.8436170859106 -9999 -9999 -9999 -9999 -9999 -9999 -9999 -9999 -9999 -9999 -9999 -9999 -9999 -9999 -9999 -9999 -9999 -9999 -9999 -9999 -9999 -9999 -9999 -9999 -9999 -9999 -9999 -9999 -9999 -9999 -9999 -9999 -9999 -9999 -9999 -9999 -9999
1 4322.47546393499 1 182.052363998271 20.0635643618162 1 117.761108586126 79.6130238924957 1 1 1 81.9258742751296 1 1 1 1 1 1 8994.61260828461 182.024119852798 153.611232727939 1 1 100.435142139892 1 1 1 1 1 1 1 1 -9999 -9999 -9999 -9999 -9999 -9999 -9999 -9999 -9999 -9999 -9999 -9999 -9999 -9999 -9999 -9999 -9999 -9999 -9999 -9999 -9999 -9999 -9999 -9999 -9999 -9999 -9999 -9999 -9999 -9999 -9999 -9999 -9999 -9999 -9999 -9999
673.057156051451 1 1890.81680725618 1 1 1 1 385.630029907777 1 1 1 760.507014617052 1 1 1 18.4109217107568 1506.99531792062 1 6687.83559220401 1 1 1 200.634292027059 87.7118239066047 1035.47079860624 1 1 1 1670.70670303516 350.657784646923 1 -9999 -9999 -9999 -9999 -9999 -9999 -9999 -9999 -9999 -9999 -9999 -9999 -9999 -9999 -9999 -9999 -9999 -9999 -9999 -9999 -9999 -9999 -9999 -9999 -9999 -9999 -9999 -9999 -9999 -9999 -9999 -9999 -9999 -9999 -9999 -9999 -9999
425.874529559277 104.734895365835 1 1 1 1 1.13856123868718 351.895054621398 1 1 1 1 1 1 1 1 826.848090545554 90.2995392914031 3.3018433349516 6.33265726641527 1 20.3211250158402 864.963207330263 1924.85455278224 1 1 1 1 460.430625778428 756.74448985301 249.005777153156 -9999 -9999 -9999 -9999 -9999 -9999 -9999 -9999 -9999 -9999 -9999 -9999 -9999 -9999 -9999 -9999 -9999 -9999 -9999 -9999 -9999 -9999 -9999 -9999 -9999 -9999 -9999 -9999 -9999 -9999 -9999 -9999 -9999 -9999 -9999 -9999 -9999
1 1 1 1 1 1 1 20.953645432772 1 1 1 1 1 1 1 1 8.58646857975707 1 1.20053928573211 1 1 21.1716642982881 155.256189387975 1 1 1 1 1.06049030064214 2174.50464301409 33.7835636236592 176.642935058018 1 -9999 -9999 -9999 -9999 -9999 -9999 -9999 -9999 -9999 -9999 -9999 -9999 -9999 -9999 -9999 -9999 -9999 -9999 -9999 -9999 -9999 -9999 -9999 -9999 -9999 -9999 -9999 -9999 -9999 -9999 -9999 -9999 -9999 -9999 -9999 -9999
1 1 1 1 1 1 1 1.42246675216612 1 1 1 1 1 1 1 1 1 1 1 90.7181216850054 1 68.8346210962375 145.192113308683 441.919844627202 1 1 581.125666986512 112.839954665562 1 1 32.0119968934752 10.8757029453307 -9999 -9999 -9999 -9999 -9999 -9999 -9999 -9999 -9999 -9999 -9999 -9999 -9999 -9999 -9999 -9999 -9999 -9999 -9999 -9999 -9999 -9999 -9999 -9999 -9999 -9999 -9999 -9999 -9999 -9999 -9999 -9999 -9999 -9999 -9999 -9999
1 1 1 1 1 1 1 1 1 1 1 1 1 1 1 1 1 1 1 287.157286050715 1 143.797100696812 6.51030759546736 276.686297056863 1 1 1 47.2334948000642 1 206.403420125829 446.33981611973 654.188386884734 1 -9999 -9999 -9999 -9999 -9999 -9999 -9999 -9999 -9999 -9999 -9999 -9999 -9999 -9999 -9999 -9999 -9999 -9999 -9999 -9999 -9999 -9999 -9999 -9999 -9999 -9999 -9999 -9999 -9999 -9999 -9999 -9999 -9999 -9999 -9999
1 1 1 1 1 29.8204760748269 1 1 1 1 1 1 1 47.2405491084467 1 1 1 4.27685714878676 8.0500506113772 4.38148504364274 1 4.7925720695635 1 16.3863237090795 1 20.5793739673382 1074.42653959064 170.650143984006 74.9279351432957 76.4077808379563 5855.46592819828 1 1 1 -9999 -9999 -9999 -9999 -9999 -9999 -9999 -9999 -9999 -9999 -9999 -9999 -9999 -9999 -9999 -9999 -9999 -9999 -9999 -9999 -9999 -9999 -9999 -9999 -9999 -9999 -9999 -9999 -9999 -9999 -9999 -9999 -9999 -9999
1 1 1 1 1 1 1 2.21450558223769 1 16.6205654640171 1 1 2.44593525876642 1 44.3144585580403 2.60043669032208 1 16.8566237973722 10.7958877230838 229.785261860744 1 1 577.602395087998 981.308623705667 1753.11883814526 1 10.4465650180225 1 1 1 1 585.699598666527 5223.92547457975 -9999 -9999 -9999 -9999 -9999 Inf -9999 -9999 -9999 -9999 -9999 -9999 -9999 -9999 -9999 -9999 -9999 -9999 -9999 -9999 -9999 -9999 -9999 -9999 -9999 -9999 -9999 -9999 -9999 -9999 -9999 -9999 -9999 -9999 -9999
1 1 1 1 1 1 29.4043016423895 1 1 1 1 1 1 3381.31236885093 42.6092229470915 1 45.5741311527904 12.3670209236773 15.3841734854823 261.74994264445 1 1 1 1 1 1 1 1 1 1 1 844.6482584532 1 -9999 -9999 -9999 -9999 -9999 Inf -9999 -9999 -9999 -9999 -9999 -9999 -9999 -9999 -9999 -9999 -9999 -9999 -9999 -9999 -9999 -9999 -9999 -9999 -9999 -9999 -9999 -9999 -9999 -9999 -9999 -9999 -9999 -9999 -9999
1 1 1 1 1 1 1 4.2013471320502 1 1 1 1 1 2.21321884209681 1 367.313608184446 7.18308692055029 66.0646728624714 14.2904997921338 281.687342359893 1 1 1 1 1 1 1 1 1 1 1 1 1 -9999 -9999 -9999 -9999 -9999 -9999 Inf Inf -9999 -9999 -9999 -9999 -9999 -9999 -9999 -9999 1 1 1 -9999 -9999 -9999 -9999 -9999 -9999 -9999 -9999 -9999 -9999 -9999 -9999 -9999 -9999 -9999 -9999
1 1 588.172178564309 1 1 751.68438207202 1 2.41319860421654 27.8442862702158 3.67260020329914 166.685644744721 15.1212551639784 315.962834843009 102.664545261727 72.6924831372148 104.221775672167 11.4930445049981 5.26813102079241 125.439732778277 357.561895564589 3.73102483112423 1 1 1 1 1 1 1 1 1 1 1 1 1 -9999 -9999 -9999 -9999 -9999 -9999 -9999 -9999 -9999 -9999 -9999 -9999 -9999 -9999 -9999 1 1 1 -9999 -9999 -9999 -9999 -9999 -9999 -9999 -9999 -9999 -9999 -9999 -9999 -9999 -9999 -9999 -9999
1 1 2.13314720817938 1 1 287.519880156197 181.325004017347 166.919842791623 13.324219032611 4.49205379483966 1 1 12.4519002462345 102.085986679934 52.3762460762793 12.9676542930276 16.0283474387596 9.24676624059914 746.975250633315 470.650418459869 154.680373587747 1 16.9265386769663 1 1 1 1 1 1 174.382605062584 224.610572648708 2157.70682805653 1 1 -9999 -9999 -9999 -9999 -9999 -9999 -9999 -9999 -9999 -9999 -9999 -9999 -9999 -9999 1 1 1 1 -9999 -9999 -9999 -9999 -9999 -9999 -9999 -9999 -9999 -9999 -9999 -9999 -9999 -9999 -9999 -9999
45.2858816496588 6773.70441515058 4535.56894613662 560.481221448178 250.481028076979 1 1 29.1936458411383 1 1 176.158120470269 7.38424654168155 1.28818753707589 717.678089590816 3.10870465913117 18.5816822772405 171.6856241318 9.52396641423724 115.992284023975 103.572665722597 293.597740094413 1 211.327142172493 1 1 1 1 1 1 96.3638246878251 1 1 1841.06894731001 1 -9999 -9999 -9999 -9999 -9999 -9999 -9999 -9999 -9999 -9999 -9999 -9999 -9999 1 1 1 1 1 1 -9999 -9999 -9999 -9999 -9999 -9999 -9999 -9999 -9999 -9999 -9999 -9999 -9999 -9999 -9999
396.101568096314 466.054651354128 1 101.024770983765 120.10737273055 311.10105339126 235.814474786627 148.119491815905 3.76983047254465 324.005896466585 1660.16943744223 41.5711718965035 206.243523202214 1 15.195056734674 4.30768050039416 402.828059744166 1 110.655356616682 105.21215904365 102.117102212519 125.864362415206 1 97.2692077176615 71.6304174238838 1 1 1 1 1 839.193843681593 1190.68178287832 228.983071477416 1 -9999 -9999 -9999 -9999 -9999 -9999 -9999 -9999 -9999 -9999 -9999 -9999 -9999 1 1 1 1 1 1 -9999 -9999 -9999 -9999 -9999 -9999 -9999 -9999 -9999 -9999 -9999 -9999 -9999 -9999 -9999
326.611540353188 518.967658271476 7.05564979465482 65.3777332825367 243.304061388971 1 1.00618506027135 26.952285602679 12.8898387929679 830.225275762042 357.400016701633 1044.74228177528 1 28.3338632620711 1 1 451.926245826365 85.2463108115868 1 115.275125059651 86.1338104331607 122.514226236522 1 94.8711105963543 72.0116276227676 1 1 1 1 1 1 42.9706811341385 464.819581605174 33.0587340889381 -9999 -9999 -9999 -9999 -9999 -9999 -9999 -9999 -9999 -9999 -9999 -9999 1 1 14.9918718737271 1 1 1 1 -9999 -9999 -9999 -9999 -9999 -9999 -9999 -9999 -9999 -9999 -9999 -9999 -9999 -9999 -9999
3.95162917138559 395.490817783456 1 179.643582539758 83.2158204389734 1 1.46349940679465 545.920692433434 4.41116130604938 2.34658513019253 16.0487725734103 15.1017912400064 1 973.836525750519 394.77768002842 1 1 1 985.968033722288 1 163.018295827222 258.03804423708 1 1 579.940122788632 1171.81550816383 46.4368268420257 1 1 640.714790972068 104.964927833962 1 1 1 -9999 -9999 -9999 -9999 -9999 -9999 -9999 -9999 -9999 -9999 -9999 1 1 1 3.88020954191996 1 1 1 1 -9999 -9999 -9999 -9999 -9999 -9999 -9999 -9999 -9999 -9999 -9999 -9999 -9999 -9999 -9999
7.38728769289528 599.099445592776 33.8016664755256 44.1306226315338 77.5753016954969 14.5670590364367 32.102302276328 1.24435427538434 1 1 1 1 1 1 1 1 1 1 1 1 651.527111678771 1 74.0534040009342 58.6582458289067 1 1 1 1 1 1 810.302072898686 195.499545701875 1 -9999 -9999 -9999 -9999 -9999 -9999 -9999 -9999 -9999 1 1 1 1 1 1 1 1 1 1 1 -9999 -9999 -9999 -9999 -9999 -9999 -9999 -9999 -9999 -9999 -9999 -9999 -9999 -9999 -9999
533.394558383225 3.09922698641 32.6205965796832 1 1 7.02160275060318 42.2823921441384 16.0040731648266 37.1836096840927 1 9.04989586612194 12.4473226225491 1877.14313066119 166.435031923654 557.489500652695 194.957827712182 734.204230472827 311.09237216221 1309.97885061151 1 839.329927693197 1 1 27.1205042653749 1 1 91.0222180008183 74.9543665525321 1 1 132.850360256984 128.009537806805 1 -9999 -9999 -9999 -9999 -9999 -9999 -9999 1 792.197958985271 1 1 1 1 1 1 1 1 1 1 -9999 -9999 -9999 -9999 -9999 -9999 -9999 -9999 -9999 -9999 -9999 -9999 -9999 -9999 -9999 -9999
197.745051720721 12.365030622304 707.340098613944 33.2138362072849 8.80781097038378 5.01257164351704 12.2963465901197 193.02273982299 1 1 3.15747649422979 94.51135550674 283.305762438961 17.1666807397506 18.0775959362372 264.507420643667 1984.47524076725 896.753984453102 965.548749323042 365.721788491255 1 1 1 467.861139956509 1 1 458.438537659655 1 1 16.2543459389058 1 1 -9999 -9999 -9999 -9999 -9999 -9999 -9999 -9999 1 1 1 1 1 1 1 1 1 1 1 1 -9999 -9999 -9999 -9999 -9999 -9999 -9999 -9999 -9999 -9999 -9999 -9999 -9999 -9999 -9999 -9999
1 42479.7526343163 21.1413759105006 39.7739008654802 17.1524825528684 8.19063795286063 123.794893469069 1 519.542161531487 416.842760788541 38.855597489711 11.7366293354881 126.51335575914 5.34727945428822 85.9063187261249 687.280519080575 93.4342385124635 136.759646246216 1 650.217863412825 671.878754227767 1 1 550.278518358584 164.637389372252 1 1 1 1 1 -9999 -9999 -9999 -9999 -9999 -9999 -9999 -9999 -9999 -9999 47.642374769146 326.034836578051 1 1 9.73762442646344 1 1 1 1 1 1 1 -9999 -9999 -9999 -9999 -9999 -9999 -9999 -9999 -9999 -9999 -9999 -9999 -9999 -9999 -9999 -9999
11.9809937325714 1 1 1 1 91255.8255014817 1 37.1757960494882 492.632375048832 42.6495371563116 624.472498259007 144.286333424132 295.462040517529 38.5349794601197 23.1668823203987 12.8037777859743 799.144904193755 7.63119269343719 1 1 16.1375715297069 100.090474189682 1 91.4478942070041 130.111553378112 1 1 1 -9999 -9999 -9999 -9999 -9999 -9999 -9999 -9999 -9999 -9999 -9999 -9999 1 1 1 1 1 1 1 1 1 1 1 -9999 -9999 -9999 -9999 -9999 -9999 -9999 -9999 -9999 -9999 -9999 -9999 -9999 -9999 -9999 -9999 -9999
121.948475614169 65.1645652554391 226.574806240689 24.0211714644469 882.869120159742 1 963.017338624431 4.84225675175307 341.078174195488 33.6193298187035 889.105947020467 44.8839895136135 69.4515622589544 8.93766507097258 13.1669335287195 11.4366896845434 39.7010956792094 1 1 1 1 419.27981429798 441.242087318061 1 1 383.074399788934 -9999 -9999 -9999 -9999 -9999 -9999 -9999 -9999 -9999 -9999 -9999 -9999 -9999 -9999 105.781428417807 274.961068854287 1 1 1 1 5.45138440998281 6.95576900502931 1 1 1 -9999 -9999 -9999 -9999 -9999 -9999 -9999 -9999 -9999 -9999 -9999 -9999 -9999 -9999 -9999 -9999 -9999
167.231501533094 38.0797190281638 56.9582174272197 8.00640834425181 25.7458044462955 10.2660847094938 33.8988164799976 17.8024586751088 275.167760285504 292.75357279601 100.615066172861 57.7139007774476 392.493133314173 19.9447390414936 32.9398419919306 453.528114564977 37.8997703981014 9.55303333817556 1 1 1 1 1 1 1 -9999 -9999 -9999 -9999 -9999 -9999 -9999 -9999 -9999 -9999 -9999 -9999 -9999 -9999 -9999 205.894444006679 30.0899534800897 1 5.8699170395903 2.03534707563379 9.86821127481229 29.2400015969711 13.4410049291517 1 1 1 -9999 -9999 -9999 -9999 -9999 -9999 -9999 -9999 -9999 -9999 -9999 -9999 -9999 -9999 -9999 -9999 -9999
115.83945048542 38.5810000933867 6.29503826835947 2.4024789411577 3.39296865250793 17.6562044627634 4.63810566494221 55.2362629375877 191.34557953044 20.2748330696053 360.417330334981 11.5542115873201 482.165324278312 27.7732988463247 57.8792729836729 730.443098606458 41.6887798307691 1 1 1 1 1 1 1 -9999 -9999 -9999 -9999 -9999 -9999 -9999 -9999 -9999 -9999 -9999 -9999 -9999 -9999 -9999 -9999 1 1 1 6128.23362404189 9.3370559603359 10.809828887954 9.95841688953332 10.2250642278102 1 1 1 -9999 -9999 -9999 -9999 -9999 -9999 -9999 -9999 -9999 -9999 -9999 -9999 -9999 -9999 -9999 -9999 -9999
37.8295692815425 12.0348094667071 1.24327796804331 17.4121098955952 1.92700540120391 62.0935086804184 148.361326969759 241.123157973085 1 3.17387332102017 1 49.3218812010309 75.8035784386106 190.616484607633 31.5193261810761 695.468582454912 30.5489072127288 8.56377070582992 1 1 1 1 43.8858295215994 -9999 -9999 -9999 -9999 -9999 -9999 -9999 -9999 -9999 -9999 -9999 -9999 -9999 -9999 -9999 -9999 -9999 1 1 1 1 15.9667320295704 5.49302277902192 13.9639560392367 32.2516356295614 1 1 -9999 -9999 -9999 -9999 -9999 -9999 -9999 -9999 -9999 -9999 -9999 -9999 -9999 -9999 -9999 -9999 -9999 -9999
1220.94526523139 1 1 156.986527923595 39.7248657833553 2.33938977127583 3.44732806263686 3.9600599221591 14.5079938281017 6.79076881129111 517.846299084067 155.868034611164 376.272312259112 85.4972233482195 822.540407400684 124.414378531312 4.48997907634078 12.1697424437819 1 1 1 1 -9999 -9999 -9999 -9999 -9999 -9999 -9999 -9999 -9999 -9999 -9999 -9999 -9999 -9999 -9999 -9999 -9999 -9999 14.8467165575927 43.4481998142856 195.700914415614 34.6253551640444 1 1 44.0065471831608 34.5737027936856 1 1 -9999 -9999 -9999 -9999 -9999 -9999 -9999 -9999 -9999 -9999 -9999 -9999 -9999 -9999 -9999 -9999 Inf -9999
3611.38885631391 2345.88182386611 81157.8819888412 4895.23618280789 3.03688365396323 3.38791867973163 1.17877053204076 18.4783207579824 11.46580373869 19.6826898408576 725.73526001116 54.1387020761421 727.039834868735 1137.90086161631 180.336797553306 15.4322022967209 13.2668905922672 19.8181666823384 1 1 37.3185593027344 1 1 -9999 -9999 -9999 -9999 -9999 -9999 -9999 -9999 -9999 -9999 -9999 -9999 -9999 -9999 -9999 -9999 3.11259576201818 16.8208238997178 328.797265061983 772.982688325725 16.6134442817687 1.14002986044365 4.71241936685767 8.13134561652965 1 1 1 -9999 -9999 -9999 -9999 -9999 -9999 -9999 -9999 -9999 -9999 -9999 -9999 Inf Inf -9999 -9999 -9999 -9999
